Arreglo ordenado ascendentemente tamaño 10 con números entre 0 y 1000
[146, 171, 257, 585, 589, 625, 629, 721, 735, 766]

Arreglo ordenado descendiente tamaño 10 con números entre 1000 y 10000000
[6315101, 6201488, 5737095, 5695063, 4810646, 3830420, 3746754, 2427191, 1849230, 159829]

Arreglo desordenado tamaño 10 con números entre 0 y 1000
[844, 499, 336, 313, 689,  97, 378, 480, 666, 123]

Arreglo desordenado tamaño 10 con números entre 1000 y 10000000
[539616,  48718, 625919, 838871, 634928, 320936, 592012, 523475, 614287, 651047]

-------------------------------------------------------------------------------------------------

Arreglo ordenado ascendentemente tamaño 1000 con números entre 0 y 1000
[0, 0, 0, 1, 1, 2, 2, 3, 4, 5, 7, 7, 9, 10, 11, 11, 13, 14, 14, 14, 16, 16, 16, 20, 20, 21, 22, 23, 24, 25, 27, 27, 27, 28, 28, 29, 30, 31, 32, 32, 33, 33, 33, 35, 37, 38, 38, 38, 40, 41, 41, 42, 42, 43, 43, 43, 45, 45, 45, 46, 47, 47, 47, 48, 48, 49, 49, 50, 51, 52, 53, 54, 55, 55, 56, 57, 58, 60, 62, 64, 64, 65, 66, 66, 66, 68, 71, 72, 74, 75, 76, 77, 78, 79, 79, 81, 82, 83, 83, 83, 88, 88, 88, 89, 90, 90, 90, 91, 96, 96, 97, 97, 97, 99, 99, 99, 100, 101, 102, 104, 106, 108, 109, 110, 115, 116, 119, 121, 121, 121, 122, 123, 123, 123, 124, 124, 124, 126, 129, 129, 129, 129, 129, 132, 132, 133, 133, 134, 136, 137, 137, 139, 139, 139, 139, 140, 142, 144, 144, 147, 148, 150, 152, 152, 154, 156, 157, 158, 159, 161, 161, 162, 163, 163, 166, 166, 167, 167, 167, 168, 169, 169, 170, 171, 172, 172, 172, 173, 173, 174, 174, 174, 174, 175, 176, 176, 177, 177, 179, 180, 180, 180, 182, 183, 184, 184, 185, 185, 186, 186, 187, 187, 187, 188, 190, 190, 191, 191, 192, 192, 192, 197, 198, 198, 198, 199, 201, 201, 202, 202, 202, 203, 205, 205, 205, 206, 206, 208, 208, 209, 209, 211, 211, 212, 214, 215, 217, 218, 218, 219, 219, 223, 225, 226, 226, 227, 230, 230, 230, 231, 231, 232, 235, 235, 237, 237, 238, 238, 240, 240, 240, 241, 241, 242, 242, 244, 245, 245, 247, 247, 247, 247, 248, 248, 248, 249, 250, 250, 251, 251, 253, 255, 259, 259, 260, 261, 262, 262, 263, 265, 265, 266, 268, 269, 273, 273, 274, 275, 275, 276, 277, 278, 278, 279, 279, 281, 281, 282, 284, 285, 286, 287, 287, 288, 288, 289, 290, 291, 291, 292, 292, 294, 294, 294, 296, 296, 297, 298, 298, 298, 298, 300, 301, 302, 302, 303, 304, 304, 305, 309, 309, 311, 312, 312, 313, 313, 314, 315, 315, 318, 318, 318, 320, 324, 324, 325, 325, 325, 326, 327, 328, 330, 330, 331, 331, 333, 333, 334, 335, 336, 337, 339, 340, 340, 340, 344, 345, 346, 346, 347, 348, 349, 350, 351, 353, 353, 354, 356, 356, 357, 358, 358, 358, 359, 359, 360, 361, 361, 361, 363, 363, 364, 364, 365, 366, 367, 368, 368, 369, 369, 370, 370, 375, 375, 376, 376, 377, 378, 379, 380, 380, 381, 382, 382, 383, 385, 387, 388, 388, 390, 391, 392, 393, 393, 393, 394, 394, 394, 395, 395, 396, 396, 397, 400, 401, 405, 405, 406, 406, 407, 408, 410, 412, 413, 413, 416, 416, 418, 418, 418, 420, 421, 427, 428, 429, 430, 431, 431, 432, 433, 434, 435, 435, 436, 437, 438, 439, 440, 441, 441, 442, 443, 444, 444, 447, 449, 451, 455, 455, 456, 456, 457, 458, 458, 459, 459, 460, 460, 460, 462, 463, 464, 464, 464, 464, 465, 465, 466, 466, 468, 470, 471, 474, 474, 474, 474, 476, 476, 476, 477, 478, 479, 479, 479, 480, 480, 481, 481, 482, 484, 484, 487, 489, 490, 490, 491, 492, 492, 493, 496, 496, 497, 497, 497, 498, 499, 499, 502, 503, 505, 506, 508, 508, 509, 509, 511, 515, 518, 519, 521, 522, 523, 523, 524, 524, 525, 525, 525, 526, 528, 528, 529, 532, 533, 533, 533, 534, 534, 536, 537, 538, 539, 541, 542, 543, 543, 543, 544, 545, 545, 548, 548, 548, 548, 549, 550, 550, 551, 555, 556, 556, 556, 558, 559, 559, 561, 562, 562, 563, 564, 565, 565, 565, 567, 568, 570, 572, 574, 575, 577, 578, 580, 582, 582, 582, 583, 584, 585, 586, 586, 586, 588, 588, 589, 591, 592, 593, 593, 596, 597, 600, 602, 602, 602, 602, 603, 603, 603, 604, 605, 606, 606, 607, 609, 611, 611, 612, 612, 613, 614, 614, 615, 615, 616, 617, 617, 618, 619, 619, 620, 622, 622, 623, 623, 624, 624, 628, 628, 628, 630, 630, 632, 633, 636, 636, 637, 639, 639, 641, 642, 644, 644, 645, 645, 645, 650, 650, 651, 653, 653, 654, 654, 657, 659, 660, 660, 661, 662, 663, 667, 667, 668, 669, 670, 670, 671, 671, 672, 674, 680, 680, 680, 682, 682, 682, 682, 683, 683, 684, 685, 686, 687, 689, 691, 691, 692, 692, 693, 694, 695, 696, 699, 700, 701, 701, 702, 703, 704, 705, 706, 706, 707, 707, 708, 709, 711, 712, 712, 713, 714, 714, 718, 719, 721, 723, 724, 726, 726, 727, 728, 728, 729, 729, 730, 731, 733, 734, 735, 736, 736, 736, 737, 738, 739, 739, 741, 741, 742, 745, 746, 746, 747, 750, 750, 751, 752, 753, 754, 755, 755, 757, 758, 759, 760, 761, 762, 763, 763, 765, 766, 767, 770, 771, 774, 774, 774, 775, 775, 776, 776, 777, 777, 781, 782, 783, 784, 784, 784, 785, 786, 786, 788, 789, 790, 792, 796, 799, 799, 800, 804, 805, 806, 806, 807, 807, 808, 809, 810, 811, 812, 814, 817, 818, 818, 819, 820, 820, 820, 821, 823, 824, 824, 825, 825, 826, 828, 832, 833, 833, 836, 838, 839, 839, 840, 843, 845, 846, 848, 849, 849, 849, 851, 853, 853, 853, 854, 855, 856, 857, 858, 858, 859, 859, 863, 864, 864, 865, 870, 871, 871, 872, 873, 874, 878, 879, 880, 880, 883, 884, 884, 893, 893, 894, 894, 895, 895, 896, 899, 899, 903, 903, 904, 905, 905, 910, 912, 912, 914, 915, 917, 919, 923, 923, 924, 925, 925, 925, 926, 932, 933, 936, 937, 940, 941, 941, 945, 946, 946, 952, 953, 957, 958, 958, 958, 958, 958, 959, 960, 960, 961, 961, 962, 963, 964, 964, 965, 966, 966, 967, 970, 971, 973, 974, 976, 977, 977, 977, 980, 981, 981, 982, 986, 992, 996, 996, 997, 997, 997, 998, 998]

Arreglo ordenado descendiente tamaño 1000 con números entre 1000 y 10000000
[9975947, 9969109, 9964234, 9955145, 9950550, 9938473, 9912843, 9911735, 9897948, 9891291, 9882148, 9877392, 9876791, 9866441, 9856748, 9855407, 9854533, 9835954, 9806231, 9796065, 9795052, 9773830, 9764932, 9755460, 9729410, 9714241, 9706951, 9699245, 9695519, 9687101, 9662678, 9613608, 9613392, 9607345, 9571193, 9565970, 9565421, 9557989, 9551354, 9538187, 9526290, 9521269, 9518162, 9516929, 9501134, 9485689, 9473268, 9466051, 9448741, 9411533, 9406063, 9401624, 9401347, 9390238, 9361895, 9358190, 9330900, 9326395, 9312355, 9305880, 9296182, 9294242, 9293284, 9290918, 9283815, 9261234, 9253763, 9233015, 9222004, 9218995, 9216094, 9210622, 9208491, 9180475, 9180199, 9174489, 9167882, 9161672, 9157741, 9154570, 9152847, 9136737, 9131488, 9131317, 9113624, 9110219, 9105490, 9096008, 9085620, 9079590, 9075963, 9071292, 9067632, 9065703, 9065274, 9053436, 9047678, 9046830, 9045797, 9040109, 9036652, 9031573, 9019227, 9006358, 9004248, 9000814, 8998366, 8992573, 8992008, 8980735, 8977530, 8973774, 8953332, 8949611, 8948528, 8943438, 8938698, 8923181, 8921351, 8917439, 8916400, 8910806, 8901563, 8896062, 8887533, 8877335, 8876185, 8874758, 8841892, 8812323, 8794225, 8771623, 8767274, 8766192, 8763524, 8762199, 8750184, 8732877, 8731946, 8709315, 8702267, 8697877, 8689154, 8685891, 8663362, 8661064, 8660822, 8646352, 8641322, 8637201, 8590158, 8584648, 8568204, 8558601, 8538454, 8527343, 8519203, 8505005, 8494370, 8485366, 8474922, 8455606, 8452492, 8448885, 8443892, 8434385, 8427980, 8426418, 8419708, 8417570, 8415726, 8395570, 8373863, 8369332, 8352629, 8341499, 8336424, 8324841, 8301351, 8297016, 8294879, 8288354, 8283896, 8279020, 8271282, 8268709, 8261292, 8255341, 8224268, 8219762, 8206011, 8191078, 8175851, 8162613, 8149212, 8143871, 8133670, 8133492, 8123895, 8120726, 8118163, 8117074, 8100490, 8095353, 8094161, 8083229, 8081159, 8062974, 8044668, 8027538, 8022906, 7997817, 7991267, 7988027, 7979680, 7963356, 7953553, 7944105, 7941608, 7941606, 7939733, 7937515, 7935561, 7876579, 7862294, 7853894, 7841657, 7839952, 7836380, 7798034, 7779198, 7778116, 7776280, 7773176, 7772063, 7753467, 7749339, 7742114, 7740285, 7737676, 7735525, 7735007, 7734149, 7733872, 7729671, 7721309, 7721226, 7712118, 7692328, 7684539, 7669781, 7668220, 7630808, 7617815, 7605488, 7560034, 7557447, 7550810, 7550575, 7545259, 7537705, 7534324, 7527570, 7510339, 7500424, 7486347, 7472963, 7469937, 7467878, 7454616, 7416606, 7405363, 7404469, 7403940, 7397841, 7389474, 7377473, 7376439, 7354771, 7343923, 7322289, 7309222, 7300932, 7297793, 7287388, 7276824, 7259983, 7259210, 7248046, 7241102, 7237052, 7225002, 7214129, 7211177, 7195320, 7188007, 7186788, 7186541, 7186144, 7183853, 7161775, 7143921, 7140590, 7139425, 7123074, 7114954, 7103612, 7080493, 7060761, 7026483, 7025607, 7013469, 7003401, 6986711, 6982017, 6977897, 6974838, 6970126, 6963051, 6954853, 6953944, 6945852, 6932645, 6928611, 6924360, 6913198, 6907081, 6904743, 6896554, 6894473, 6888497, 6873983, 6872488, 6872212, 6870027, 6858980, 6855740, 6804957, 6795872, 6758439, 6753266, 6742191, 6739168, 6729097, 6727887, 6714843, 6707322, 6703624, 6703329, 6693596, 6692898, 6670699, 6651190, 6643049, 6625072, 6617107, 6614903, 6602881, 6586960, 6582692, 6557739, 6555613, 6554870, 6546842, 6536411, 6489258, 6487340, 6482708, 6442621, 6438116, 6407741, 6371848, 6365740, 6358889, 6338032, 6328248, 6326785, 6326592, 6318710, 6309615, 6303792, 6300997, 6292340, 6273194, 6271048, 6265991, 6264843, 6250623, 6244768, 6243081, 6232046, 6228306, 6217505, 6212539, 6211233, 6206212, 6198333, 6191175, 6188026, 6184026, 6162085, 6148219, 6147899, 6136728, 6110870, 6079020, 6078579, 6078032, 6061205, 6049446, 6042976, 6041708, 6028545, 6021412, 6000754, 5997967, 5994401, 5983574, 5973113, 5966122, 5957707, 5949952, 5916344, 5898646, 5887036, 5883296, 5876753, 5876093, 5875092, 5812210, 5797706, 5785483, 5764883, 5747426, 5735864, 5735637, 5730399, 5725340, 5725327, 5724157, 5716542, 5697412, 5692006, 5691048, 5689068, 5680812, 5656825, 5656377, 5647228, 5640790, 5639344, 5627250, 5625658, 5598799, 5581589, 5565378, 5556611, 5548760, 5542912, 5526220, 5521316, 5491696, 5489296, 5486639, 5464733, 5450831, 5432600, 5417832, 5408457, 5398804, 5367084, 5357971, 5355869, 5353978, 5332728, 5328734, 5323181, 5308564, 5306026, 5303599, 5296256, 5295073, 5288256, 5269097, 5252522, 5247192, 5240736, 5239389, 5236023, 5226503, 5200887, 5200312, 5199366, 5194625, 5180350, 5180132, 5178750, 5172870, 5156936, 5151218, 5151093, 5139019, 5134577, 5131467, 5119455, 5107021, 5106531, 5092382, 5089944, 5076054, 5023062, 5019726, 5001437, 4998146, 4987707, 4984648, 4979544, 4962499, 4930852, 4930134, 4929741, 4908775, 4892276, 4875831, 4865175, 4857286, 4849436, 4847024, 4839468, 4829985, 4828915, 4820797, 4820413, 4811818, 4811207, 4805684, 4769687, 4763283, 4719652, 4714934, 4701422, 4699688, 4697231, 4678895, 4667581, 4649032, 4643986, 4639921, 4635587, 4625954, 4618955, 4601630, 4598556, 4579545, 4574214, 4566094, 4552916, 4520212, 4518320, 4495339, 4494927, 4491255, 4489809, 4484164, 4481562, 4454949, 4453723, 4432500, 4425324, 4409544, 4407402, 4401819, 4400646, 4397826, 4396426, 4394998, 4394523, 4392694, 4379957, 4364706, 4346289, 4341861, 4341505, 4331587, 4327456, 4326577, 4312788, 4307595, 4304830, 4299946, 4297911, 4268386, 4251703, 4239202, 4228950, 4219347, 4211095, 4211035, 4179901, 4178306, 4155488, 4132730, 4131936, 4115888, 4105487, 4089251, 4085827, 4057978, 4055766, 4042795, 4035461, 4033717, 4033640, 4023616, 4014513, 4014171, 3996914, 3994876, 3989431, 3986123, 3980701, 3969677, 3964315, 3961956, 3960362, 3953302, 3941428, 3921045, 3910287, 3905042, 3885127, 3883833, 3848257, 3838094, 3834263, 3832966, 3828960, 3790642, 3767820, 3759141, 3756987, 3749293, 3743846, 3738599, 3738120, 3723581, 3705398, 3704000, 3692510, 3684100, 3681761, 3650636, 3635486, 3631267, 3609534, 3598915, 3575317, 3558532, 3544832, 3541396, 3525157, 3509206, 3504684, 3500712, 3495358, 3457599, 3454846, 3441476, 3438738, 3419942, 3418462, 3366409, 3364960, 3356387, 3350218, 3326287, 3323954, 3305750, 3303489, 3302679, 3295043, 3292862, 3291372, 3289414, 3288050, 3281946, 3272228, 3267012, 3266750, 3260380, 3255597, 3226861, 3222885, 3221476, 3179595, 3179158, 3164688, 3152146, 3127565, 3121459, 3110809, 3109836, 3102852, 3091564, 3090553, 3074763, 3074459, 3073877, 3067528, 3056387, 3049112, 3041595, 3033103, 3031595, 3026936, 3015512, 2991443, 2990206, 2959170, 2955595, 2936757, 2933328, 2926970, 2922898, 2916882, 2914455, 2880651, 2877852, 2828784, 2821931, 2811795, 2810934, 2810414, 2807431, 2781421, 2767320, 2765463, 2763851, 2761388, 2757301, 2750569, 2725594, 2719605, 2717921, 2717712, 2713765, 2708643, 2708466, 2684191, 2683181, 2669140, 2660941, 2618343, 2615261, 2607073, 2606460, 2597137, 2561843, 2555439, 2547946, 2544470, 2544344, 2537219, 2522041, 2520828, 2496022, 2493477, 2472959, 2463129, 2458540, 2446951, 2442710, 2436566, 2425040, 2401924, 2396944, 2391234, 2379180, 2378318, 2365251, 2349548, 2314505, 2309884, 2297864, 2281482, 2280644, 2258193, 2250509, 2225313, 2221385, 2216998, 2213956, 2195678, 2189012, 2176253, 2159912, 2151973, 2129988, 2116900, 2107212, 2095491, 2065334, 2058152, 2046636, 2039802, 2031724, 2006788, 1996507, 1991264, 1990625, 1987148, 1976513, 1965363, 1962650, 1947437, 1932218, 1919963, 1905720, 1892650, 1882618, 1839798, 1836904, 1831340, 1819452, 1798530, 1792903, 1791403, 1790985, 1777325, 1732000, 1728011, 1723722, 1722931, 1720274, 1713799, 1712304, 1708733, 1681625, 1658299, 1651302, 1645177, 1637185, 1630351, 1629357, 1618330, 1617073, 1610551, 1608969, 1606612, 1605369, 1572758, 1550356, 1527793, 1479989, 1470385, 1448413, 1413455, 1399713, 1395199, 1386988, 1362135, 1360165, 1358801, 1348938, 1340517, 1339708, 1331423, 1314281, 1303098, 1296576, 1286594, 1285382, 1284939, 1283966, 1260683, 1236962, 1235924, 1224278, 1220787, 1218172, 1217851, 1212615, 1208588, 1206075, 1201902, 1194648, 1191335, 1190158, 1180440, 1172215, 1172078, 1171799, 1157132, 1135951, 1128156, 1122816, 1113291, 1100903, 1092869, 1071716, 1046044, 1042637, 1022582, 1013313, 996866, 992199, 978036, 964659, 963672, 951275, 948682, 947582, 944276, 943992, 939850, 938049, 933195, 932488, 927955, 899464, 899310, 897176, 884832, 875059, 863601, 833504, 831123, 821367, 784787, 782382, 763608, 760653, 748227, 748124, 729262, 726041, 725245, 714135, 701891, 698561, 696910, 648850, 620469, 615602, 614994, 587158, 577722, 576853, 573737, 563000, 557698, 535026, 491452, 487464, 480224, 466269, 443015, 431218, 424203, 391429, 390064, 377307, 371260, 366946, 364306, 360341, 357283, 350468, 340657, 332463, 305968, 298194, 281826, 258692, 251889, 244249, 229010, 219368, 205705, 201017, 200844, 187276, 155411, 152242, 143502, 125503, 120654, 114469, 109745, 105674, 99127, 88115, 79841, 79149, 73653, 66481, 48664, 44944, 29648, 5022]

Arreglo desordenado tamaño 1000 con números entre 0 y 1000
[879, 977, 245, 235, 123, 181, 501, 693, 422, 655, 572, 911, 275, 690, 760, 740, 834, 803, 95, 615, 720, 326, 826, 3, 50, 611, 391, 226, 676, 956, 480, 932, 734, 575, 879, 764, 43, 222, 302, 422, 892, 356, 728, 329, 488, 508, 838, 355, 635, 611, 203, 302, 76, 351, 668, 810, 966, 236, 355, 833, 276, 694, 658, 673, 22, 450, 848, 160, 971, 346, 426, 283, 742, 187, 770, 199, 623, 640, 541, 539, 60, 449, 792, 883, 790, 615, 197, 15, 241, 1000, 67, 340, 980, 176, 822, 674, 12, 597, 244, 337, 215, 976, 729, 270, 409, 349, 160, 603, 818, 526, 648, 478, 962, 480, 92, 922, 556, 259, 912, 581, 896, 215, 280, 156, 109, 914, 194, 309, 964, 938, 864, 754, 666, 109, 855, 487, 708, 494, 110, 993, 707, 865, 922, 582, 949, 599, 824, 729, 796, 32, 409, 267, 407, 724, 873, 675, 916, 660, 83, 327, 829, 873, 390, 752, 918, 111, 379, 427, 928, 48, 609, 197, 989, 345, 484, 795, 499, 165, 910, 618, 791, 594, 937, 798, 65, 592, 514, 95, 698, 897, 770, 397, 209, 825, 837, 612, 769, 204, 642, 934, 781, 188, 208, 355, 820, 645, 867, 835, 921, 144, 680, 638, 382, 42, 779, 143, 428, 779, 552, 662, 906, 226, 774, 121, 691, 754, 775, 885, 400, 267, 573, 423, 801, 195, 708, 574, 446, 688, 510, 398, 86, 930, 944, 572, 408, 810, 743, 739, 590, 200, 575, 882, 540, 476, 562, 206, 808, 904, 953, 249, 391, 795, 141, 786, 441, 119, 986, 684, 254, 462, 87, 309, 29, 671, 186, 718, 185, 929, 185, 414, 352, 6, 445, 925, 350, 168, 944, 336, 884, 488, 717, 265, 955, 621, 480, 812, 674, 456, 658, 292, 355, 859, 585, 480, 611, 657, 962, 254, 410, 699, 198, 972, 373, 321, 911, 82, 883, 697, 870, 589, 833, 401, 56, 745, 673, 169, 23, 651, 904, 84, 230, 276, 51, 624, 799, 255, 354, 410, 348, 441, 46, 864, 238, 353, 169, 960, 452, 912, 939, 621, 548, 827, 142, 58, 391, 64, 523, 69, 291, 227, 297, 49, 857, 137, 442, 509, 440, 439, 36, 570, 6, 183, 17, 463, 189, 880, 879, 391, 208, 144, 966, 719, 152, 228, 209, 997, 898, 812, 498, 669, 706, 312, 494, 59, 73, 248, 404, 300, 118, 920, 581, 868, 891, 880, 758, 957, 514, 528, 152, 821, 122, 825, 976, 182, 798, 741, 523, 504, 164, 947, 455, 167, 321, 375, 806, 16, 1, 115, 413, 836, 423, 702, 385, 297, 609, 258, 908, 581, 185, 572, 323, 281, 715, 574, 468, 573, 375, 335, 421, 194, 142, 249, 960, 980, 216, 343, 582, 404, 170, 25, 102, 347, 357, 312, 554, 548, 339, 868, 80, 250, 343, 403, 536, 939, 311, 93, 600, 754, 376, 963, 868, 704, 54, 982, 472, 40, 924, 120, 614, 297, 548, 648, 689, 790, 931, 741, 598, 724, 572, 850, 376, 993, 3, 799, 582, 872, 555, 863, 492, 662, 539, 957, 764, 558, 249, 54, 966, 299, 715, 160, 665, 848, 13, 468, 878, 377, 747, 865, 349, 420, 427, 334, 681, 658, 899, 305, 170, 131, 324, 748, 793, 478, 903, 701, 77, 548, 527, 201, 396, 965, 263, 491, 957, 556, 526, 759, 661, 278, 878, 809, 953, 737, 829, 740, 363, 669, 204, 990, 856, 744, 410, 183, 138, 140, 19, 323, 929, 422, 955, 433, 867, 735, 789, 496, 285, 976, 95, 877, 281, 2, 210, 277, 27, 923, 92, 896, 38, 157, 634, 401, 453, 616, 518, 721, 140, 565, 65, 963, 691, 132, 360, 423, 876, 30, 361, 778, 548, 95, 123, 962, 854, 769, 918, 385, 188, 789, 919, 712, 297, 427, 948, 551, 423, 563, 785, 393, 932, 306, 815, 631, 7, 152, 163, 184, 860, 674, 519, 939, 558, 579, 2, 311, 906, 125, 578, 389, 489, 112, 930, 315, 789, 741, 622, 459, 108, 34, 505, 395, 117, 807, 758, 683, 916, 460, 503, 186, 302, 551, 658, 361, 818, 415, 778, 467, 140, 149, 968, 477, 443, 589, 813, 151, 471, 294, 669, 435, 749, 822, 449, 27, 435, 287, 363, 497, 474, 703, 234, 275, 626, 219, 681, 449, 465, 36, 264, 531, 873, 454, 295, 617, 858, 312, 390, 538, 610, 963, 495, 772, 166, 277, 705, 350, 669, 822, 497, 519, 88, 749, 782, 886, 829, 713, 770, 476, 29, 587, 311, 740, 36, 582, 399, 6, 958, 566, 95, 453, 213, 920, 656, 173, 676, 146, 665, 895, 593, 162, 777, 461, 352, 648, 817, 485, 472, 925, 233, 256, 32, 19, 697, 994, 293, 457, 15, 0, 541, 848, 224, 992, 382, 268, 916, 3, 370, 340, 222, 470, 190, 421, 177, 10, 382, 726, 87, 470, 61, 209, 261, 75, 612, 741, 964, 223, 458, 834, 313, 977, 677, 375, 512, 175, 644, 220, 563, 170, 902, 608, 448, 395, 778, 493, 578, 201, 895, 36, 468, 176, 332, 137, 566, 482, 106, 848, 266, 227, 219, 118, 819, 519, 532, 462, 774, 881, 357, 75, 875, 850, 20, 697, 729, 531, 283, 867, 755, 269, 269, 431, 670, 348, 452, 967, 60, 884, 843, 966, 283, 655, 826, 745, 234, 301, 486, 813, 491, 1, 736, 496, 130, 243, 120, 46, 600, 253, 489, 200, 329, 363, 406, 681, 250, 751, 780, 109, 993, 200, 311, 912, 868, 170, 259, 794, 202, 683, 2, 776, 597, 308, 148, 284, 515, 672, 758, 174, 509, 414, 721, 275, 853, 740, 644, 606, 64, 130, 529, 654, 463, 161, 576, 591, 133, 981, 614, 210, 941, 541, 769, 985, 972, 336, 410, 526, 985, 179, 451, 113, 28, 829, 711, 319, 485, 759, 782, 759, 352, 183, 323, 273, 280, 520, 825, 135, 431, 588, 615, 45, 948, 136, 71, 519, 171, 765, 564, 89, 341, 53, 105, 207, 171, 803, 613, 607, 577, 13, 969, 309, 513, 453, 848, 192, 746, 973]

Arreglo desordenado tamaño 1000 con números entre 1000 y 10000000
[402200, 575581, 118948, 496411, 350038, 963380, 67707, 245658, 206913, 517167, 563581, 980279, 384802, 308527, 712690, 853110, 220351, 879138, 180174, 110066, 437392, 76167, 508293, 955192, 792346, 56394, 815331, 800239, 172677, 927706, 942606, 682301, 984532, 993139, 200991, 506143, 751878, 366609, 355541, 394941, 241378, 602638, 106552, 256267, 201664, 431026, 609151, 769272, 744904, 140077, 957591, 419066, 945506, 785018, 476878, 198110, 964871, 401710, 290093, 624552, 704544, 413334, 524991, 340506, 6471, 521508, 907900, 437494, 791387, 9474, 604589, 13737, 155720, 236188, 496348, 463752, 257479, 692966, 123588, 723227, 869255, 777684, 518799, 128167, 366841, 149449, 240856, 409901, 311302, 298144, 444095, 54908, 133075, 879265, 803250, 522477, 794832, 39736, 508173, 925201, 957304, 231603, 846447, 380323, 112707, 853476, 708338, 404298, 689593, 173394, 372172, 268646, 849865, 466539, 765248, 310783, 693965, 562269, 958543, 270581, 575777, 756395, 728397, 333608, 785059, 689660, 240165, 986297, 361566, 498471, 417075, 309968, 393332, 197026, 379567, 296687, 61752, 279760, 475475, 756808, 621052, 485098, 596030, 100251, 223110, 472170, 414642, 928137, 172801, 591547, 905766, 962918, 151744, 848209, 95465, 78143, 620110, 958742, 802341, 329965, 936484, 574852, 82628, 818946, 395798, 890557, 489325, 822526, 11928, 617084, 641148, 998229, 257026, 211037, 217849, 752908, 483440, 221041, 113297, 951304, 990461, 311114, 570459, 760411, 687291, 262161, 5426, 531516, 931836, 104009, 438249, 913647, 457712, 280013, 608842, 657342, 348230, 729399, 981249, 116470, 507029, 409637, 588024, 34218, 18166, 384886, 606777, 378630, 558998, 198031, 640753, 249802, 167488, 776540, 727993, 520645, 115929, 959148, 909465, 656058, 721565, 713481, 965043, 446774, 994388, 49116, 651203, 295629, 782511, 878558, 135573, 538704, 816663, 590582, 646936, 186593, 678448, 654543, 55889, 379626, 993388, 868839, 161753, 755141, 361732, 79918, 604364, 106172, 559339, 609600, 715515, 711729, 572450, 605853, 689332, 935794, 450474, 675044, 819959, 907873, 569798, 557069, 722448, 733251, 491206, 101110, 635196, 930114, 478056, 157099, 227935, 643838, 860740, 346548, 448247, 107947, 518849, 500735, 120948, 686656, 628052, 145959, 447721, 794426, 341699, 403301, 545824, 669962, 247801, 662225, 394425, 901157, 552496, 796980, 636247, 679480, 537670, 368914, 764509, 880983, 16508, 644319, 602105, 293449, 901344, 948297, 932561, 268005, 4183, 169329, 794250, 627318, 744694, 505080, 559672, 206636, 675547, 68806, 952136, 559184, 681486, 503286, 656603, 779486, 587380, 220941, 341941, 996239, 979544, 655832, 118672, 163761, 169500, 164558, 140290, 904885, 39137, 463837, 799952, 75063, 340520, 713486, 951440, 567986, 188113, 356945, 109344, 670798, 214653, 113126, 598319, 139611, 294938, 384538, 111851, 242424, 807425, 112086, 721872, 405919, 326955, 680440, 432287, 291110, 145885, 341600, 763079, 48131, 228004, 456617, 932788, 271903, 318062, 351225, 711853, 863721, 567558, 308294, 254709, 970267, 570927, 370736, 383590, 909313, 100565, 533210, 372126, 743040, 310340, 952160, 155662, 564750, 854245, 781962, 47311, 754504, 152398, 71093, 577590, 209785, 656229, 904173, 813447, 384260, 458040, 797821, 340348, 174168, 197691, 229428, 314579, 780608, 299941, 383516, 347486, 983017, 88509, 976600, 11380, 213127, 339810, 961128, 258257, 810989, 130650, 25350, 898234, 846496, 287731, 817131, 538279, 253537, 7427, 469099, 804836, 44376, 212728, 280757, 946989, 529124, 674735, 909523, 275738, 764298, 187805, 457867, 489390, 47587, 160697, 925775, 285284, 603877, 96478, 55318, 65545, 868816, 523460, 416130, 133043, 533421, 655911, 783877, 303388, 979341, 497107, 437155, 425053, 627903, 472064, 259765, 239226, 3574, 708897, 381552, 520824, 340880, 418972, 403358, 114257, 493753, 978147, 710932, 10456, 47840, 900579, 741335, 168918, 888597, 402198, 762033, 291835, 890874, 428726, 156760, 91514, 56170, 439063, 607598, 500959, 529821, 12077, 179354, 628543, 747435, 210698, 150444, 228846, 697625, 162441, 487684, 489265, 638162, 915573, 677071, 687265, 606049, 669775, 988067, 885613, 508824, 503355, 356410, 944706, 270279, 812886, 862755, 255394, 597812, 292682, 981193, 142953, 714970, 347525, 980613, 146247, 605647, 299415, 511247, 121450, 420263, 198042, 637615, 844499, 698954, 427722, 986414, 320871, 369715, 967505, 305603, 313305, 40974, 70688, 463470, 216481, 955856, 494825, 35044, 332900, 215574, 246322, 214383, 510787, 102821, 653381, 696606, 503406, 911423, 673979, 893751, 190052, 882213, 440161, 760953, 266208, 839913, 973515, 258570, 507776, 683690, 690163, 710696, 188617, 92650, 864160, 418597, 19378, 638267, 651012, 550813, 467595, 394122, 961889, 244737, 58332, 198757, 969008, 52949, 568184, 783482, 446074, 975247, 465983, 123969, 594066, 428645, 627663, 362631, 277028, 289336, 668466, 97639, 667720, 155295, 153341, 420395, 279956, 827104, 280273, 865747, 348230, 317844, 862573, 327763, 648533, 470767, 782049, 304823, 981055, 62931, 436882, 959547, 803588, 432230, 556124, 932849, 190402, 64588, 18690, 569693, 988703, 894668, 780757, 599755, 672742, 747433, 647138, 206404, 471420, 313200, 253623, 62229, 509075, 530302, 55134, 675166, 394162, 359849, 172686, 608423, 333418, 719834, 410901, 652037, 415637, 974125, 823410, 997635, 279721, 826864, 368419, 609960, 267289, 768525, 597379, 669061, 718838, 536178, 248452, 64372, 123440, 329875, 77256, 940045, 543720, 536918, 613118, 22461, 907556, 527445, 691683, 797646, 476413, 519859, 193769, 607593, 914554, 465052, 571093, 901718, 474254, 864228, 788791, 901032, 83519, 955248, 260437, 487939, 700391, 603864, 316587, 353369, 584719, 99650, 133943, 582843, 600360, 475999, 466522, 339916, 514280, 206533, 708753, 953431, 619840, 27975, 481129, 10950, 739126, 895506, 642833, 903502, 110148, 558422, 941423, 329706, 377437, 664529, 274156, 809157, 930104, 404621, 683421, 318478, 584655, 83212, 857565, 595225, 161090, 414664, 940869, 859238, 436954, 243189, 572325, 43354, 717273, 909449, 429333, 386387, 387150, 421623, 195587, 832654, 699029, 222760, 466932, 731802, 777799, 406893, 405635, 280562, 697736, 963560, 382786, 306194, 43956, 991528, 119740, 337724, 316800, 106845, 345216, 264580, 761180, 788773, 970892, 955498, 635899, 567743, 893384, 828647, 21559, 254945, 109153, 613877, 703145, 738491, 536988, 590619, 730033, 896303, 882394, 827529, 538150, 128486, 94417, 338687, 474215, 541842, 6101, 579109, 898484, 458471, 52687, 727370, 105277, 261817, 787708, 321338, 806181, 40981, 508596, 850870, 715086, 848132, 527333, 560265, 92238, 291449, 104895, 480070, 475265, 30546, 79319, 150287, 60367, 863126, 65973, 649013, 10524, 709265, 908714, 451234, 982033, 819899, 383368, 868688, 262890, 992776, 98088, 679545, 515092, 768808, 938026, 382941, 585084, 624905, 337277, 589921, 734962, 561065, 747607, 21162, 843072, 512773, 108022, 442630, 486225, 509756, 423533, 271303, 825204, 263049, 858033, 590238, 579366, 917989, 306041, 643923, 630919, 375598, 194513, 813246, 101681, 58348, 232764, 454965, 528425, 604075, 893906, 697645, 606420, 576593, 975487, 438709, 336889, 506305, 545632, 898340, 15516, 166590, 259612, 467519, 239028, 158120, 511640, 711529, 151397, 886221, 551219, 209499, 237467, 38679, 515049, 634991, 134462, 42659, 53807, 533539, 340954, 21381, 262164, 628370, 600606, 772038, 447952, 27030, 1724, 146831, 779688, 21121, 988899, 257082, 319896, 32851, 269944, 228536, 636638, 527692, 195529, 1063, 108407, 263176, 96015, 30579, 137616, 737823, 553472, 596697, 257119, 489354, 21282, 627116, 489780, 135270, 758882, 624026, 423125, 408110, 784202, 243334, 931551, 54090, 568782, 305132, 685525, 597990, 505948, 330711, 807692, 591850, 69459, 877042, 367933, 730279, 829426, 166560, 832371, 63522, 100039, 471610, 771014, 217450, 538507, 292045, 721767, 927374, 987688, 111386, 36853, 42933, 676145, 348949, 975962, 545440, 352665, 847471, 817826, 410157]






