Input Matriz 4x4 n>1000

15444 84072 21632 5599
68672 13234 34872 76200
70118 62260 98813 92912
24210 84855 44714 23797



--------------------------------------------
Input Matriz 128x128

774 560 310 258 531 297 801 136 457 829 934 412 442 941 795 421 86 813 603 767 245 167 695 781 715 222 175 906 7 919 582 58 883 576 146 382 343 536 536 411 613 90 976 940 827 736 348 86 439 570 119 503 822 892 285 612 178 252 817 766 436 548 372 622 64 570 355 559 54 29 503 365 459 853 673 293 418 718 967 568 118 640 897 14 202 431 326 276 725 713 919 942 925 396 672 248 49 876 891 542 43 957 982 794 970 835 244 245 823 668 176 357 287 721 824 876 378 197 483 544 610 24 110 232 665 301 857 311
169 843 479 819 216 359 191 164 959 396 49 83 570 264 35 846 320 94 983 782 917 86 725 386 302 328 807 932 30 36 79 707 681 919 810 788 456 127 206 281 204 235 189 976 406 291 638 427 661 836 296 651 853 482 181 530 873 816 648 836 319 725 277 317 247 483 485 365 961 674 977 552 813 748 149 462 276 25 559 616 944 428 637 915 467 856 954 258 377 33 697 972 206 615 802 681 36 794 628 550 108 570 817 194 25 444 80 203 844 715 745 833 663 939 210 434 232 62 346 190 776 387 281 173 733 299 488 393
246 8 213 397 948 954 512 93 11 26 332 309 974 903 975 926 873 407 877 159 222 197 66 884 344 82 868 739 907 263 546 481 680 903 124 744 50 489 739 320 491 247 771 991 919 509 645 337 462 470 318 326 447 818 801 809 471 528 950 459 53 421 26 932 515 714 336 506 663 539 501 21 756 835 643 233 210 9 251 487 218 780 25 295 351 707 706 850 351 793 669 454 699 513 69 442 80 41 869 419 63 279 615 717 463 615 905 946 904 990 147 318 444 379 293 732 647 377 103 571 989 529 246 641 832 918 829 676
24 938 822 609 725 928 790 731 21 28 642 55 427 166 117 735 673 463 282 300 432 775 26 139 943 224 390 982 190 746 380 153 97 272 862 889 183 603 805 311 185 957 56 708 723 893 413 57 970 925 550 502 120 939 265 798 738 434 235 645 185 989 56 14 795 823 255 765 149 965 673 27 602 909 836 2 277 778 737 304 152 118 244 930 888 179 377 556 971 861 185 320 569 171 903 214 942 816 442 280 811 644 387 794 834 998 444 923 674 182 497 14 111 469 499 405 963 240 265 366 757 908 855 285 361 264 28 77
736 446 446 459 392 173 53 839 111 185 981 129 816 502 940 870 794 956 463 202 698 404 124 430 782 245 548 942 479 333 21 996 560 285 81 134 17 620 320 282 460 561 653 595 615 809 632 150 966 101 38 107 670 125 572 6 64 812 717 100 77 660 681 92 928 104 305 887 834 483 292 849 40 852 91 68 43 780 545 407 152 934 382 649 826 740 65 510 845 397 537 34 364 472 613 999 634 987 50 425 520 933 960 894 414 84 607 207 202 289 282 40 183 415 515 161 97 650 52 841 234 201 642 499 948 474 111 512
620 603 10 512 568 752 878 656 952 441 987 136 563 695 713 544 915 104 565 219 119 395 523 62 839 974 438 530 653 964 628 672 36 89 443 887 432 126 185 213 311 790 183 716 743 572 288 263 822 526 351 111 675 351 544 637 726 677 822 986 393 318 239 397 867 813 255 201 639 377 622 440 850 809 232 347 941 302 99 23 601 3 906 895 942 361 445 754 166 311 873 922 608 915 580 985 223 836 71 421 613 507 939 819 972 768 58 490 898 646 902 88 373 200 717 480 521 744 437 334 763 164 893 230 477 636 105 358
841 867 813 969 564 664 972 762 829 754 846 265 324 454 892 519 755 935 185 108 272 676 977 955 754 326 189 791 754 236 77 542 99 178 821 934 601 951 770 27 869 589 765 927 322 955 534 22 794 109 54 194 418 381 888 36 618 537 387 231 682 204 277 812 237 135 10 761 143 303 959 392 866 582 324 186 140 437 712 535 382 7 121 977 876 198 190 913 394 199 307 212 926 351 403 693 626 353 381 490 411 111 591 957 639 305 216 185 934 901 447 339 615 195 729 446 471 446 623 526 264 123 298 712 896 804 334 126
644 813 543 117 995 432 668 438 906 702 461 60 230 11 85 487 925 550 875 860 811 781 195 734 210 602 239 94 764 142 505 849 505 302 632 368 463 884 521 921 525 808 780 159 4 335 239 291 90 353 101 507 265 266 253 468 698 659 660 691 678 861 880 687 482 398 960 490 969 538 744 500 518 340 830 400 858 298 983 24 467 947 246 460 758 163 362 773 52 520 815 297 216 389 1000 627 271 519 947 167 940 507 990 783 977 336 531 401 322 502 88 340 267 933 826 786 267 252 561 696 262 722 257 670 315 861 968 44
387 19 913 297 423 423 699 279 908 710 470 16 906 133 333 940 600 598 907 161 534 426 731 285 71 815 191 637 818 397 575 4 411 288 441 587 715 140 929 247 407 176 417 56 208 574 44 665 915 68 335 749 788 285 405 274 664 238 420 559 109 728 891 997 674 654 416 15 823 463 271 555 690 786 699 375 656 424 707 417 729 795 940 137 999 953 681 715 30 942 868 187 512 997 561 565 465 858 422 632 957 449 390 549 365 659 169 274 23 79 700 237 509 930 137 484 741 718 606 830 131 699 181 783 223 661 46 748
699 982 248 898 57 650 134 922 706 300 595 898 702 379 109 340 236 782 408 716 486 679 236 308 411 524 423 175 337 388 81 494 681 571 882 87 733 678 265 718 724 23 941 605 724 991 814 876 61 893 934 263 705 747 383 163 487 688 959 695 661 530 133 37 748 972 302 369 95 720 187 922 540 978 36 435 324 338 78 729 845 454 47 118 143 331 348 932 598 326 485 96 542 700 844 516 524 91 191 599 333 16 673 938 637 467 404 89 348 574 832 641 425 733 587 240 519 798 913 220 272 373 209 616 828 381 786 889
49 273 697 91 261 493 987 399 511 654 818 430 424 847 466 738 745 948 608 132 988 517 999 89 393 43 474 330 290 295 544 160 962 96 762 346 730 461 744 969 86 160 626 946 76 227 721 774 601 913 586 230 207 677 409 169 673 436 622 295 353 965 767 823 42 451 619 145 170 29 122 860 20 389 870 571 911 682 872 330 528 215 261 244 500 709 368 30 495 171 803 494 77 602 452 283 358 605 960 763 51 454 571 261 990 106 215 934 949 928 557 725 314 260 709 719 463 751 505 559 799 210 801 948 167 638 43 560
840 582 955 412 666 426 340 314 410 78 37 714 261 247 487 919 864 911 202 750 409 695 925 882 607 757 293 937 348 110 864 160 900 444 558 525 395 90 139 359 113 635 384 342 882 669 269 455 106 793 861 971 810 192 348 6 558 88 839 414 362 53 323 670 757 373 713 874 738 321 289 204 986 22 50 516 37 816 916 525 959 357 695 249 668 631 93 257 649 749 424 966 744 813 992 737 366 2 268 905 49 464 338 386 242 983 953 668 193 447 424 42 165 884 676 422 920 488 727 587 706 455 849 94 906 408 396 114
512 603 177 306 153 583 922 168 778 637 690 783 639 5 742 514 751 326 648 420 122 539 142 563 855 573 98 882 472 110 801 401 24 689 533 788 255 301 900 387 472 548 495 303 946 924 893 449 65 695 334 184 193 340 400 464 774 632 4 152 219 409 38 691 76 548 565 419 962 85 377 787 636 167 153 8 315 149 160 470 484 742 785 223 832 818 68 393 888 984 159 693 325 266 51 711 182 44 672 377 30 433 761 886 378 978 375 155 812 120 396 997 743 925 824 338 391 442 488 601 828 476 691 217 126 360 827 639
808 51 592 577 936 52 760 804 410 120 399 629 273 50 128 10 186 604 525 367 199 798 87 575 341 162 811 408 498 903 648 859 250 981 550 627 430 177 744 524 546 386 911 577 29 553 49 62 110 989 692 622 554 41 831 341 993 632 245 426 899 452 610 268 173 917 995 798 158 495 803 526 320 981 586 38 183 564 120 796 677 89 710 920 52 754 60 550 529 539 582 696 231 420 321 717 649 516 521 743 937 466 200 202 638 828 803 266 97 534 928 393 865 878 662 687 295 422 339 656 452 835 902 609 731 456 754 744
764 958 23 95 536 470 494 348 350 174 998 610 312 215 104 400 765 125 401 767 116 452 488 719 296 390 633 620 503 612 590 654 658 726 327 658 908 378 337 833 18 448 273 542 218 588 985 173 322 819 212 130 396 651 128 259 546 333 586 15 153 95 709 351 251 206 879 934 495 936 173 654 679 552 517 821 638 568 607 945 94 131 232 107 221 670 510 478 316 296 974 851 432 517 349 69 728 343 709 976 433 303 592 136 338 426 529 586 126 66 696 530 295 198 411 458 898 417 954 314 551 972 47 357 487 271 760 89
748 984 698 589 439 657 76 354 429 884 371 610 610 617 251 910 69 92 555 414 808 726 497 385 563 564 438 723 61 72 661 699 690 88 128 717 289 919 76 572 90 833 948 740 933 956 754 680 480 66 682 19 481 580 640 370 219 624 540 411 928 511 970 400 788 417 346 92 320 228 960 0 980 682 142 209 114 226 828 480 976 223 72 103 110 445 206 146 597 697 262 961 977 561 612 105 188 535 30 656 591 734 54 718 513 240 185 559 195 133 657 4 117 262 210 428 504 943 844 118 590 404 7 562 872 577 323 244
936 403 801 79 232 979 369 444 780 143 722 811 91 328 426 678 895 380 555 105 686 964 687 723 196 115 788 206 591 162 820 398 290 683 373 588 780 428 927 158 552 559 99 328 940 745 528 714 948 551 421 335 204 939 744 948 248 510 844 206 851 15 584 547 189 157 925 684 310 10 168 554 552 712 945 818 516 448 764 523 211 152 765 233 291 133 704 983 854 453 53 707 684 855 500 893 109 743 720 952 774 728 538 780 168 757 946 807 581 42 329 437 393 849 293 32 68 968 99 544 783 220 917 221 681 510 591 877
578 319 947 19 726 636 283 263 580 858 226 38 170 195 414 359 615 160 635 444 357 944 418 246 121 619 645 869 34 769 766 557 484 840 640 849 553 443 514 293 932 678 451 721 290 920 642 218 521 513 625 264 647 675 344 201 657 550 978 669 155 298 817 403 408 822 375 236 446 42 932 313 11 35 74 645 136 798 224 766 480 41 732 332 923 666 495 708 342 250 362 970 221 813 201 678 124 177 315 892 896 922 668 19 661 504 667 843 707 357 0 174 641 329 366 716 935 658 372 343 367 645 689 165 364 59 710 820
686 481 457 215 110 79 293 363 538 36 667 989 559 890 892 974 885 341 385 560 225 805 727 728 142 89 338 500 435 609 304 390 981 362 727 447 909 185 707 995 451 426 509 194 792 34 114 311 927 785 68 758 341 346 79 152 501 908 541 721 2 343 181 368 891 538 348 606 840 989 708 922 125 642 834 799 980 767 874 2 264 389 66 300 811 281 851 585 269 25 948 659 581 748 601 370 739 582 312 622 474 492 761 586 761 455 577 200 676 199 515 874 484 594 996 12 277 569 948 346 516 99 851 246 197 122 313 255
2 858 983 408 566 191 412 597 936 115 599 983 996 91 174 201 323 581 481 46 821 385 691 701 979 604 749 591 954 447 507 368 323 18 296 249 803 652 135 904 840 597 31 605 323 58 724 795 277 203 94 291 443 701 132 120 594 153 425 456 784 838 713 173 893 173 448 259 450 285 656 49 931 25 742 189 918 112 200 375 498 582 525 75 609 703 221 813 431 428 574 506 790 611 483 738 350 836 431 919 417 584 535 457 625 799 825 439 481 251 475 212 267 609 340 219 115 740 773 608 868 429 436 521 995 797 721 453
426 614 105 472 333 507 325 792 365 250 660 14 433 607 384 327 597 445 25 666 36 150 334 600 580 279 373 342 247 524 910 989 13 212 207 846 133 261 279 54 662 158 255 732 721 43 432 486 236 906 250 758 506 698 898 236 933 999 419 381 830 589 62 832 260 304 492 670 671 595 149 678 358 406 525 129 385 114 748 900 119 9 761 101 317 231 786 19 146 775 641 582 840 41 70 146 198 992 62 358 640 233 923 513 738 860 165 840 190 379 977 125 117 255 977 383 995 104 754 699 580 892 934 60 972 126 195 51
215 516 970 125 970 88 612 692 754 265 96 98 809 837 603 964 326 699 151 361 770 769 46 152 369 735 529 379 413 874 540 467 313 936 578 775 437 256 937 414 104 532 471 989 461 148 934 613 332 221 507 524 734 633 157 914 746 902 687 867 44 268 692 921 256 315 989 343 307 19 380 214 852 353 35 351 12 300 445 408 78 454 384 18 824 577 706 392 541 904 887 63 234 623 644 204 141 871 84 403 133 944 383 246 284 964 913 295 829 126 131 615 811 342 796 303 135 166 592 711 679 670 731 145 916 499 148 350
134 455 2 9 310 379 886 602 345 513 453 218 77 21 560 939 183 3 592 523 58 271 330 660 965 593 181 89 434 656 630 506 654 596 70 848 479 87 510 491 706 588 782 552 173 378 883 305 693 925 71 981 155 175 944 212 380 701 654 26 222 65 988 836 117 344 974 542 882 956 236 463 760 61 172 285 356 402 163 161 656 984 303 148 307 832 786 567 721 33 531 587 879 820 230 579 98 434 621 509 863 683 785 76 7 558 258 808 614 265 872 677 286 999 591 460 362 518 223 854 778 199 894 723 568 328 805 463
59 23 273 870 663 516 185 12 669 623 177 304 466 226 275 421 839 391 186 608 659 339 838 188 688 844 879 963 704 683 288 797 955 701 211 988 210 120 264 232 732 319 393 654 72 976 57 429 999 651 128 885 44 800 547 718 772 915 643 933 479 591 866 854 444 717 348 364 379 943 113 484 932 91 676 570 372 298 749 948 939 18 448 881 640 903 12 862 389 85 812 513 343 620 0 663 299 57 615 218 328 126 666 827 771 393 607 271 464 449 736 174 527 419 793 754 312 850 260 870 929 253 969 675 187 171 301 211
598 963 717 802 478 384 547 832 992 67 414 378 567 894 62 603 0 677 392 371 979 622 139 488 483 7 292 886 907 836 771 432 842 84 75 290 549 434 398 184 652 160 943 212 371 984 120 683 911 715 730 592 379 412 448 57 390 395 843 370 4 81 726 873 209 828 743 98 390 270 611 58 538 200 164 612 264 680 11 522 111 814 309 328 15 257 37 457 721 738 279 63 21 623 233 890 61 67 303 588 423 266 746 584 202 888 595 760 40 945 413 377 795 887 783 318 66 882 108 758 718 598 146 177 60 58 441 828
194 395 858 885 177 129 523 265 167 173 389 492 192 345 736 830 257 603 737 352 695 699 28 983 389 49 855 795 365 36 183 908 20 708 90 345 672 292 618 996 987 341 806 90 185 255 246 583 992 339 697 465 903 790 813 10 687 676 129 791 234 49 120 714 89 970 398 935 757 58 994 931 389 866 993 908 132 661 466 224 598 604 916 481 781 608 77 17 578 135 589 555 365 591 425 323 427 63 594 388 235 543 301 837 953 91 862 218 958 929 486 189 938 481 783 325 32 883 581 405 476 756 26 150 152 534 489 775
419 62 884 657 987 47 382 691 27 998 751 229 163 823 176 480 744 99 737 601 382 886 950 296 423 398 397 523 410 787 195 738 928 973 252 638 742 894 302 689 127 813 534 284 649 706 498 194 264 358 594 488 513 824 765 866 519 4 279 189 978 804 943 522 67 255 155 53 125 197 641 937 472 628 353 825 462 811 728 523 495 732 868 833 918 91 616 810 179 500 223 850 77 368 669 893 197 3 124 998 48 430 35 991 799 787 877 327 862 181 51 79 225 793 653 902 326 528 240 389 771 908 935 520 251 410 436 389
193 695 915 895 914 36 717 65 642 14 769 215 81 741 822 766 765 220 947 626 786 865 304 822 982 59 457 488 493 148 382 261 989 609 659 94 943 98 396 479 656 574 779 875 234 567 392 377 398 228 631 727 794 209 974 853 655 971 964 609 731 62 902 79 433 92 628 734 497 690 311 22 106 825 323 722 896 473 908 133 791 986 854 970 228 403 334 885 571 387 613 831 827 547 104 132 975 458 662 208 883 678 878 30 783 816 429 592 199 13 935 350 359 998 51 298 874 527 154 79 487 67 695 958 312 4 548 671
801 40 901 870 908 76 218 979 318 787 981 147 108 500 252 747 555 790 718 531 704 134 651 51 209 712 520 812 357 809 419 191 598 574 616 172 594 715 64 833 886 327 646 695 24 196 40 182 531 887 565 787 401 949 186 634 376 363 531 861 142 382 140 397 876 838 71 872 861 72 878 158 631 733 449 18 958 448 792 266 141 279 293 520 855 960 719 14 428 35 183 189 821 733 875 558 670 617 714 352 925 597 216 975 610 962 664 905 728 386 832 812 308 550 970 739 731 983 758 858 221 528 141 489 736 596 287 535
332 109 606 990 431 822 846 111 995 342 67 717 882 631 261 930 92 105 808 202 407 432 743 252 244 621 267 842 360 668 812 921 468 590 275 902 447 333 141 219 417 778 486 723 512 189 428 357 935 288 105 995 602 194 94 888 209 41 771 807 908 264 373 251 679 959 788 176 257 992 221 351 333 260 536 661 134 712 899 17 739 634 168 339 58 662 248 261 351 796 19 622 355 985 724 295 909 189 68 425 498 74 994 465 287 855 338 135 604 133 487 317 496 94 261 319 102 739 970 127 955 703 524 886 809 773 231 63
801 962 393 474 184 253 525 491 187 396 656 254 729 772 517 766 264 453 23 489 35 660 984 925 11 765 601 6 523 844 437 202 161 72 341 708 514 806 28 153 430 246 695 774 616 372 477 650 910 422 567 792 534 545 978 500 986 683 166 309 843 183 807 97 548 583 74 84 214 293 236 379 385 981 144 401 111 700 68 362 671 507 808 735 733 917 209 240 557 490 270 421 686 100 198 388 657 496 972 600 473 868 825 727 903 251 398 416 106 367 875 883 474 272 956 630 242 854 134 74 52 904 601 43 243 978 894 369
324 309 257 192 518 64 57 296 55 34 823 664 74 223 262 166 952 595 892 904 743 485 876 269 462 340 443 794 518 709 812 179 123 432 249 373 858 261 571 33 606 14 122 199 802 543 342 699 816 224 603 375 110 727 120 742 454 685 256 854 863 112 644 249 179 152 112 759 546 416 415 568 502 925 914 25 101 45 32 791 867 733 250 160 992 266 747 841 152 888 423 604 626 230 624 822 948 776 655 960 596 842 714 545 883 413 915 963 435 537 595 566 981 285 309 149 930 100 61 876 701 732 546 326 907 0 378 97
538 649 862 364 615 200 915 47 932 352 237 137 725 803 445 265 761 586 852 839 676 844 262 44 425 439 874 202 734 756 672 664 974 714 491 543 881 645 854 844 361 720 890 640 345 450 909 790 220 890 162 498 529 643 748 884 707 391 237 867 300 675 155 940 674 425 186 732 735 853 119 459 316 9 632 692 546 16 838 431 778 94 667 155 246 504 488 439 49 990 846 297 271 820 50 769 304 489 423 682 567 322 531 92 734 537 263 197 189 126 488 903 469 511 831 993 177 924 457 936 219 775 211 206 556 821 523 345
671 882 662 923 932 867 1000 168 876 871 230 598 205 624 407 660 675 745 568 707 896 457 105 904 282 467 739 250 139 488 975 273 811 763 204 713 167 543 401 739 373 465 982 251 164 97 673 41 916 646 769 946 490 131 753 996 550 44 16 315 350 356 547 648 313 492 983 318 817 414 440 780 986 606 468 516 876 974 287 923 808 914 274 399 160 566 572 510 777 69 438 1 299 168 315 778 881 706 988 503 409 669 80 294 381 459 454 427 264 677 831 384 380 434 333 833 523 887 516 680 230 386 288 636 593 14 754 78
208 600 539 482 460 447 768 414 628 168 320 934 561 261 15 92 354 29 736 829 490 5 498 188 379 32 405 964 154 316 408 141 466 460 329 13 394 475 463 20 289 650 103 849 82 247 946 932 217 561 828 322 939 401 751 113 416 211 559 588 94 578 706 315 114 148 477 1 73 443 931 13 296 504 328 879 194 326 526 482 663 557 361 10 47 885 177 491 59 824 324 512 43 215 712 122 835 822 955 332 552 366 219 166 147 585 476 668 818 767 768 934 774 127 503 293 767 941 110 916 766 749 669 105 747 223 715 365
830 193 767 745 223 947 175 586 628 208 555 371 941 600 881 801 864 486 143 235 970 482 573 968 440 58 548 685 836 370 393 117 929 282 160 835 187 749 917 311 639 652 47 226 824 874 610 596 962 873 915 958 3 639 362 289 933 320 372 767 860 16 128 468 536 393 501 663 136 408 16 961 52 385 314 216 19 683 102 690 65 354 513 200 865 829 7 890 188 797 452 971 373 486 820 518 398 395 424 364 89 782 799 227 848 208 419 35 676 30 443 441 122 240 153 12 28 919 77 445 708 914 700 154 388 55 608 622
12 357 465 136 552 692 621 138 380 13 186 493 530 257 342 751 23 974 878 46 623 995 764 706 408 161 290 707 74 481 907 35 517 528 39 965 53 797 956 664 872 966 378 157 321 133 877 768 550 389 492 649 808 6 307 879 226 992 585 909 949 843 374 429 975 614 983 292 99 769 818 863 675 577 314 472 543 945 574 482 581 773 68 498 547 963 550 389 241 699 784 685 593 843 946 17 85 200 100 575 995 246 688 759 436 207 322 787 304 763 762 890 959 398 686 456 808 287 727 934 56 753 537 815 140 61 85 656
678 240 759 491 242 573 668 166 798 424 97 622 127 284 334 281 90 649 163 369 81 471 86 175 889 204 718 41 322 353 345 182 861 831 451 511 625 141 669 351 994 380 950 420 157 433 309 912 531 234 105 636 954 917 783 612 645 716 247 311 614 111 200 288 997 234 105 598 163 407 917 940 549 622 572 745 368 463 537 472 348 594 608 869 838 51 498 663 280 646 419 897 475 951 71 449 447 723 371 531 767 294 863 268 434 33 969 215 685 105 412 615 659 199 483 879 261 537 699 597 768 316 165 834 280 735 371 311
473 854 541 922 110 449 675 571 503 51 807 220 798 506 394 899 250 270 612 922 485 828 262 985 727 26 517 601 947 890 924 757 71 537 333 239 413 67 144 867 175 416 233 355 718 284 970 253 460 310 66 991 470 151 439 960 967 459 554 403 397 35 557 214 164 877 986 646 515 264 321 451 166 9 708 418 402 298 102 522 104 416 525 292 125 748 790 304 86 123 767 17 29 362 624 154 655 152 674 852 815 85 147 327 91 862 955 253 992 265 141 352 291 27 88 223 31 135 33 603 827 670 587 620 760 111 938 387
299 735 792 727 712 428 313 910 555 689 978 611 43 846 342 121 256 60 840 293 403 501 666 479 348 671 338 682 833 910 954 486 864 773 75 260 241 215 982 589 626 112 953 227 213 765 757 29 703 365 32 807 447 6 410 763 707 289 358 657 231 9 313 924 237 223 578 84 256 973 31 460 349 307 396 977 23 386 127 170 145 536 896 856 222 244 106 97 84 617 813 453 869 120 880 412 774 288 138 706 363 395 364 126 27 341 835 140 940 738 830 408 761 961 279 196 82 133 919 470 11 960 869 23 363 658 831 769
581 806 158 391 368 429 170 698 771 624 191 471 912 774 528 262 233 961 248 450 652 678 578 635 690 583 231 949 375 203 500 842 923 34 53 409 623 656 498 264 988 448 703 413 160 667 605 173 326 298 929 97 531 404 288 917 945 863 439 482 587 87 913 612 43 920 17 215 724 906 362 91 925 831 704 181 41 986 447 17 92 968 304 227 87 68 637 454 130 853 211 54 613 153 323 153 307 556 255 153 725 670 623 202 630 335 982 229 658 707 986 53 820 413 419 842 303 597 149 870 620 69 379 678 74 540 762 831
712 354 460 172 274 143 373 12 744 33 872 585 650 706 598 165 399 382 736 837 142 173 197 834 873 530 852 274 809 258 889 999 757 304 263 555 798 221 139 610 544 477 82 160 643 121 636 952 199 491 76 801 175 451 593 678 754 603 341 29 93 698 506 115 524 89 315 362 606 963 394 450 113 580 652 295 373 308 432 165 345 253 696 133 676 208 843 578 189 216 193 902 319 468 875 736 794 387 258 234 364 275 778 97 502 281 727 455 895 756 364 853 382 812 670 342 131 413 858 999 732 500 89 849 137 169 331 510
27 637 961 734 600 621 396 719 557 748 659 597 699 645 514 76 170 663 956 269 819 950 873 225 981 176 332 271 409 987 24 359 245 881 176 10 293 779 72 452 855 969 136 568 607 822 652 771 486 522 640 750 440 856 943 392 428 762 523 939 316 923 328 75 627 795 366 295 247 177 63 775 101 114 174 157 455 632 417 629 716 515 600 68 502 40 520 208 399 41 614 354 319 891 738 352 472 753 169 453 455 242 815 770 942 108 379 835 852 300 498 135 967 215 291 609 981 622 675 430 904 812 897 134 333 131 141 853
470 822 447 848 63 148 799 434 32 713 134 249 784 390 711 981 533 379 20 989 385 369 370 747 906 426 457 952 673 641 502 904 216 463 276 444 478 242 942 891 364 921 352 437 965 679 390 471 717 764 498 911 355 924 456 498 749 107 805 106 761 619 444 666 80 284 567 831 628 130 868 439 150 852 376 771 421 988 456 866 656 342 470 746 333 905 434 948 147 986 383 360 282 894 313 14 906 805 873 653 383 756 139 205 725 731 705 309 531 845 122 131 503 291 705 239 369 189 467 76 104 370 131 559 854 19 65 577
184 233 903 98 704 22 321 58 728 416 20 439 591 37 236 63 457 264 576 895 15 809 805 71 269 111 752 910 853 879 970 138 393 999 379 662 108 173 753 849 274 965 524 533 757 607 653 138 342 662 43 650 172 929 368 156 266 615 804 38 295 889 679 352 239 138 245 49 107 791 772 872 383 939 91 845 410 482 543 699 108 559 70 377 535 103 304 19 81 771 406 947 398 415 910 908 921 221 857 274 883 33 497 502 948 250 187 124 531 70 179 314 865 708 329 955 952 755 897 748 987 79 557 289 44 182 81 704
677 657 257 694 926 481 73 928 435 538 894 329 159 456 141 463 75 834 902 179 909 174 94 402 195 222 290 221 271 475 585 77 734 438 131 803 926 381 100 645 11 139 644 299 301 524 545 424 750 634 838 465 782 852 968 367 266 15 202 426 643 969 556 674 510 745 490 359 801 631 592 543 423 558 59 838 895 363 376 743 115 930 588 196 830 615 440 136 817 573 85 432 81 597 394 116 253 510 993 554 655 5 464 251 566 436 670 675 736 656 117 729 995 533 70 962 778 431 282 638 583 445 723 423 294 990 19 470
445 403 878 629 810 764 669 798 186 147 885 45 403 539 411 446 34 912 581 91 249 431 324 663 158 430 530 12 5 669 542 744 962 990 290 347 588 937 15 955 568 37 817 118 899 69 494 568 892 602 233 444 381 136 939 188 846 977 16 107 65 435 696 724 987 424 509 248 256 136 253 17 877 618 472 388 165 28 161 313 747 731 366 517 747 847 227 170 395 599 173 631 654 612 682 518 298 536 669 628 612 934 816 411 776 82 437 792 873 765 257 149 648 163 789 492 519 744 815 886 427 299 905 2 446 803 391 34
238 699 893 199 453 581 324 338 831 510 864 674 727 918 472 246 486 650 472 640 143 804 429 974 59 973 682 554 341 188 730 502 277 55 846 151 818 130 962 286 984 639 38 581 401 256 153 435 30 967 867 818 673 403 347 307 567 524 434 10 477 784 785 676 478 266 999 94 131 186 794 88 483 183 177 445 660 879 154 474 485 131 23 178 508 447 341 33 37 238 86 449 105 274 337 87 365 437 999 985 495 327 188 597 90 186 941 27 157 815 384 990 484 243 680 828 744 58 816 983 959 364 495 32 491 953 441 670
33 882 215 291 562 651 928 925 429 393 408 759 45 637 575 122 368 111 18 56 649 6 101 438 284 604 326 851 748 676 480 182 768 436 239 364 861 524 977 442 71 881 988 547 191 517 272 766 302 989 637 588 738 95 826 778 538 335 821 390 765 210 156 98 283 465 967 848 582 715 665 173 461 593 816 329 222 573 433 225 289 941 108 365 34 186 186 337 985 910 843 874 921 208 925 654 456 609 507 3 490 249 547 308 658 673 121 96 993 995 747 331 152 359 606 746 228 709 511 823 641 381 507 73 769 395 102 138
417 795 417 485 390 567 714 49 790 76 952 270 951 671 756 828 412 865 506 305 402 500 622 377 727 418 904 95 133 491 305 376 13 941 955 117 161 721 897 986 343 414 284 831 492 34 487 50 717 941 816 378 391 344 682 776 178 336 597 121 941 473 959 153 770 199 439 178 146 315 199 906 828 262 164 555 274 330 427 234 833 647 98 925 801 101 878 35 708 141 214 678 504 495 230 966 153 557 261 154 196 930 479 79 668 608 440 149 481 360 67 77 663 200 108 433 964 752 250 831 312 469 397 972 771 97 7 629
222 751 231 538 891 637 316 75 55 655 112 240 361 391 251 661 148 855 906 381 763 935 190 294 120 627 960 567 338 315 241 146 181 826 30 452 862 899 707 90 342 540 738 475 916 540 123 295 535 247 100 905 910 343 520 733 549 367 340 858 472 727 187 487 457 583 172 594 246 888 102 193 884 311 653 265 35 517 426 518 763 156 599 63 991 776 249 234 745 453 657 896 675 546 298 498 59 928 397 58 674 851 958 412 194 446 468 185 19 701 237 215 65 41 317 35 307 792 84 617 834 385 629 652 407 757 210 303
201 143 859 995 63 469 6 47 37 480 860 184 923 923 867 584 354 844 161 251 602 185 200 601 269 861 286 411 875 873 811 923 311 661 353 265 82 617 661 570 587 803 852 769 332 204 546 960 651 29 32 802 442 894 659 884 758 809 637 119 397 607 753 81 815 684 777 822 309 988 726 346 888 91 230 766 995 301 346 183 169 801 218 514 849 532 576 515 210 87 956 759 576 412 689 308 460 584 386 948 512 559 722 716 933 771 205 133 751 798 905 673 885 763 332 317 299 329 18 928 61 663 101 949 406 944 199 457
452 1000 643 766 332 192 549 911 658 35 531 729 464 675 993 390 361 308 468 575 275 899 752 948 394 194 172 611 901 547 920 83 99 610 328 165 116 810 670 896 843 264 170 356 328 584 578 25 221 913 575 218 174 551 228 577 170 411 811 739 696 84 643 385 593 184 760 823 430 652 472 43 947 225 145 91 833 273 723 508 649 269 633 108 148 740 619 508 446 165 82 885 444 393 298 898 298 43 130 239 691 373 672 445 865 514 453 456 503 335 28 411 837 8 126 706 284 59 32 323 856 267 355 245 568 659 930 790
992 824 529 130 543 155 648 80 589 443 446 393 363 774 884 412 293 820 57 833 780 48 694 7 854 672 805 158 709 858 645 843 515 770 951 930 417 430 994 829 272 818 882 343 854 251 706 509 401 132 353 861 33 141 294 6 629 833 10 254 171 449 921 903 753 736 517 391 348 775 296 833 976 566 3 796 616 142 660 659 785 162 979 379 884 317 609 252 832 411 914 520 560 29 387 872 23 684 345 245 498 273 69 717 601 321 294 99 491 15 644 669 576 312 478 903 164 797 548 357 964 891 139 628 633 243 704 863
781 533 299 859 435 788 504 960 380 510 809 792 825 759 931 280 209 447 745 11 212 887 148 834 561 804 58 399 907 899 87 361 813 752 68 890 142 308 551 717 60 657 678 254 890 613 25 36 553 965 538 498 709 319 782 589 848 833 777 238 82 780 407 442 378 815 963 929 136 929 125 370 968 39 451 556 720 681 978 10 312 79 948 134 724 860 346 611 466 471 924 896 626 247 110 117 553 201 640 287 454 236 966 533 155 39 52 560 231 53 79 980 404 392 247 812 382 300 716 89 53 289 572 721 987 24 688 937
754 598 292 132 141 469 600 315 914 648 145 954 0 986 87 958 447 177 991 195 114 523 171 455 345 728 36 91 938 966 288 906 948 152 179 354 481 272 951 356 986 310 624 133 535 342 194 217 472 641 705 885 617 683 138 850 691 641 97 718 204 247 655 851 661 467 587 804 708 815 649 255 849 207 943 557 929 670 228 60 685 931 504 432 890 270 978 897 483 328 579 279 78 282 490 667 140 320 966 895 300 394 352 810 357 118 742 430 695 428 718 78 821 473 191 306 995 768 479 407 372 103 967 507 411 474 65 88
853 679 823 910 966 825 460 652 460 560 505 167 979 341 299 209 622 514 88 762 514 481 852 175 935 103 853 401 860 477 541 131 255 663 120 215 925 793 221 148 186 104 752 516 872 830 881 323 705 843 656 10 466 154 86 223 669 95 613 962 68 733 7 681 333 390 429 125 211 637 991 234 226 895 153 0 822 182 582 370 76 358 454 869 2 604 824 11 970 118 373 599 119 333 520 870 541 7 688 239 221 796 29 267 967 874 987 712 543 751 136 777 141 678 191 218 961 735 658 934 214 293 689 572 674 284 219 579
294 256 497 549 347 14 435 252 599 183 470 134 539 732 40 409 83 42 175 629 215 18 92 459 656 995 445 705 356 220 603 675 309 325 722 209 586 210 986 901 696 489 203 549 899 264 266 562 415 951 587 188 186 557 992 680 422 346 941 736 243 286 397 240 33 811 834 619 824 745 595 665 617 115 551 419 577 467 972 225 840 909 423 170 389 802 575 758 692 317 301 26 94 824 318 540 456 853 282 391 437 447 74 235 931 928 285 721 198 1 96 894 575 247 930 524 450 826 536 427 953 145 720 516 804 935 711 374
896 710 840 744 816 997 60 680 669 269 94 548 9 275 661 532 89 568 535 30 725 135 795 632 849 20 936 980 421 516 705 957 567 899 828 436 208 188 308 364 270 906 224 418 720 547 523 981 706 55 671 510 866 452 421 618 360 37 509 342 785 277 704 353 78 775 376 954 925 394 164 778 195 270 106 189 691 205 596 179 332 896 656 300 569 593 15 77 473 925 336 218 602 579 837 731 950 304 496 851 459 4 527 843 950 118 238 866 393 407 760 100 754 811 870 497 504 895 786 240 328 246 26 762 119 547 217 187
390 79 913 756 182 785 123 683 371 183 984 385 327 179 857 304 548 824 533 422 646 593 259 629 622 607 329 298 911 444 148 837 393 217 403 181 226 490 351 596 180 265 476 708 222 716 239 698 882 635 726 756 367 674 796 173 16 32 75 477 820 657 747 549 161 721 988 253 181 653 896 878 531 399 158 654 827 8 173 352 232 758 737 803 637 375 229 709 558 177 585 720 152 643 167 419 531 368 242 308 604 483 963 736 907 882 759 764 470 781 880 489 665 273 472 747 509 480 356 928 461 727 239 327 304 770 456 709
988 987 651 263 468 651 867 130 985 756 433 88 148 93 687 596 43 126 410 316 51 721 779 378 941 365 531 224 45 62 542 747 366 837 420 803 805 230 68 670 882 445 186 300 907 592 820 960 392 244 599 978 692 29 420 916 701 350 780 348 290 225 101 440 933 426 654 163 900 902 990 181 814 191 380 619 197 346 435 586 765 782 385 540 768 668 267 424 130 466 378 220 940 22 55 440 927 432 538 772 224 583 395 380 997 272 835 498 257 24 450 249 880 789 892 954 345 95 13 275 749 687 153 52 437 360 128 141
852 127 240 592 991 874 337 159 90 931 337 129 183 17 222 384 542 422 115 585 796 500 769 409 288 44 733 91 349 307 484 81 838 765 872 853 561 286 516 395 665 375 106 665 56 311 474 537 840 429 962 434 702 290 529 313 552 82 603 288 76 143 614 772 979 644 288 484 869 571 318 683 113 812 404 173 769 972 33 514 205 401 543 670 88 675 775 234 175 629 475 232 884 743 540 49 84 504 817 884 139 200 230 29 818 333 546 792 540 473 744 574 785 917 410 166 47 311 877 74 155 401 589 112 422 292 528 432
429 279 533 127 99 469 421 422 354 131 289 940 168 103 348 683 430 95 368 366 23 991 526 261 997 203 427 502 322 960 634 83 936 629 553 575 908 561 98 817 327 180 663 996 1000 620 837 678 806 514 558 885 605 801 493 881 118 808 479 252 454 554 514 16 398 877 473 502 181 341 90 918 436 887 498 520 186 71 142 832 128 836 5 556 306 180 9 690 430 778 671 749 99 215 51 202 150 959 589 533 326 815 364 365 855 593 710 305 307 482 60 123 124 183 111 403 258 3 619 413 155 205 406 886 409 959 159 346
237 720 605 649 271 626 546 432 479 683 282 334 137 793 261 81 46 813 626 964 641 505 937 772 130 734 334 950 211 848 92 244 73 982 727 770 553 334 850 781 571 868 325 948 669 544 20 87 898 54 293 29 373 365 150 929 529 233 377 823 437 346 118 39 629 152 510 569 510 735 277 900 659 733 872 850 976 361 20 794 802 968 493 782 76 475 87 568 30 68 132 915 815 65 925 389 220 339 674 756 101 167 242 646 482 237 330 40 861 737 563 753 373 991 268 697 444 79 295 592 550 552 479 132 689 626 317 766
315 4 144 214 162 333 906 739 287 115 567 326 202 126 322 440 174 714 641 267 564 158 947 226 668 26 305 844 715 369 660 735 111 436 126 651 720 955 886 664 386 367 521 907 518 978 658 315 736 57 845 872 13 57 251 776 805 553 127 943 722 72 931 977 282 366 621 948 662 447 962 115 600 378 709 387 151 695 329 927 54 897 62 68 943 348 555 891 499 653 55 831 37 205 644 241 716 676 753 601 264 787 750 111 621 909 950 586 308 495 833 460 741 94 786 1 987 293 776 699 793 452 622 601 526 105 761 920
820 461 858 352 531 486 839 717 366 194 458 957 401 242 448 814 421 917 401 491 281 432 407 995 889 873 258 148 802 282 760 963 90 293 832 85 446 102 133 853 692 692 483 564 193 554 200 613 944 664 817 406 234 697 624 191 855 76 597 326 590 30 454 551 638 55 692 294 238 55 886 751 621 531 140 663 634 755 713 380 693 921 883 394 856 616 170 957 836 973 633 692 1 813 834 32 181 706 449 394 206 930 647 191 601 980 816 600 926 121 225 142 408 387 710 860 252 314 435 586 359 913 562 634 606 812 966 784
632 526 389 157 396 338 179 733 246 410 555 948 902 280 654 974 709 208 155 536 322 253 424 591 543 578 603 770 379 854 347 550 596 181 335 634 881 36 953 682 656 5 480 719 903 50 718 798 184 249 101 379 535 339 1000 753 614 434 969 650 585 41 443 199 145 566 479 419 345 737 489 713 292 9 538 284 502 86 353 357 404 851 173 797 667 788 644 392 196 900 95 450 842 38 742 87 232 712 243 435 989 222 210 206 920 213 538 779 225 799 380 435 260 524 222 878 497 511 759 354 26 759 314 441 284 479 581 396
644 93 693 321 782 402 870 351 844 160 192 259 835 712 925 863 87 808 941 155 414 374 351 665 195 393 79 70 687 258 998 852 57 452 245 878 991 594 316 688 375 173 809 325 331 275 422 728 496 759 883 999 192 927 865 182 868 159 702 99 621 60 310 545 260 738 690 479 108 457 299 339 137 724 850 26 108 940 275 685 11 528 777 390 570 943 821 141 601 770 478 613 368 558 308 400 923 491 605 700 988 877 718 779 186 902 709 780 55 390 807 544 878 993 364 570 991 50 741 237 363 694 992 973 204 693 151 222
806 356 829 634 733 828 81 642 757 633 881 890 556 341 778 901 38 259 484 105 567 356 197 339 662 310 132 471 645 990 726 335 188 83 943 96 937 781 62 117 376 730 645 987 751 99 718 823 402 535 136 82 84 657 152 930 0 670 83 698 181 172 905 563 731 520 582 290 665 438 428 548 835 850 976 996 638 761 490 276 340 78 472 108 870 811 75 520 429 582 216 6 749 890 771 628 505 784 34 573 875 46 364 23 599 23 264 55 833 30 813 354 339 505 199 381 202 184 385 908 75 85 769 871 47 65 272 571
161 984 783 860 434 422 186 686 745 741 796 524 541 496 693 676 895 127 47 850 254 378 71 258 89 927 528 830 992 315 173 372 753 627 772 841 441 638 758 352 877 851 96 693 601 396 779 771 929 212 658 871 173 777 562 784 133 8 813 960 912 999 395 391 913 545 822 953 594 389 829 935 793 201 615 881 647 635 915 730 202 387 343 70 221 396 221 461 994 943 849 77 187 291 182 355 750 260 211 718 194 731 791 653 666 753 929 710 526 727 956 988 904 554 151 447 974 745 382 711 830 827 612 624 73 610 204 352
824 254 151 702 50 526 383 391 395 575 952 53 195 95 755 493 830 417 783 275 111 912 930 509 459 911 315 464 196 59 855 285 752 512 233 642 900 805 632 306 630 747 94 724 773 759 175 252 304 449 93 896 893 590 768 820 884 973 146 286 546 17 584 662 946 185 714 787 279 940 166 986 925 13 779 504 697 109 190 575 49 951 452 258 760 511 285 772 875 784 814 494 305 665 560 667 129 149 282 172 983 716 790 415 765 423 116 384 453 843 289 634 482 731 812 545 628 679 233 554 662 273 370 222 480 78 46 97
299 202 352 640 29 312 713 302 708 305 753 163 810 657 732 163 658 378 569 867 502 550 91 555 706 702 55 501 814 123 933 941 335 14 960 924 564 520 60 25 774 887 743 648 467 254 301 936 468 434 298 296 543 538 373 70 918 47 600 179 350 483 331 47 169 231 675 206 55 308 263 93 829 272 76 110 13 39 86 350 794 913 101 679 260 969 633 55 349 379 753 77 756 386 319 236 658 88 296 240 323 210 54 680 355 294 484 283 498 425 654 217 428 744 705 224 116 757 890 576 59 886 604 96 738 15 845 276
221 831 235 594 122 47 649 54 740 907 959 521 884 225 890 30 308 58 499 219 973 581 580 263 967 511 94 379 261 150 265 500 995 498 891 885 46 116 863 13 79 262 249 374 560 450 813 401 545 112 649 839 812 158 984 745 201 624 885 157 891 635 372 984 850 831 318 836 764 884 547 372 6 448 577 893 560 31 156 868 176 170 321 339 666 15 223 71 601 582 576 21 817 721 313 943 171 921 203 370 120 518 654 11 330 238 145 731 209 944 589 668 948 636 661 110 600 783 610 337 385 799 878 325 20 940 563 187
652 780 143 371 682 601 548 811 654 861 369 440 868 365 359 972 940 51 795 764 335 256 334 880 634 564 984 688 774 674 805 533 846 85 19 709 78 596 222 768 303 706 286 437 394 33 689 17 782 411 806 879 664 514 891 234 345 110 959 66 463 655 418 622 530 434 77 811 357 765 233 389 224 42 270 335 55 462 980 604 99 470 517 800 925 419 346 808 128 904 874 303 831 39 751 179 571 39 597 717 502 15 633 47 89 877 986 56 220 255 153 517 655 596 832 758 568 669 869 851 334 174 2 172 999 355 689 782
820 939 365 121 214 798 264 235 317 811 231 944 808 190 290 249 988 253 872 720 183 82 521 314 7 154 911 321 30 601 382 295 601 720 531 292 406 32 236 572 802 181 803 955 649 568 186 648 670 506 670 858 897 748 731 147 184 259 495 78 371 985 491 323 720 782 96 945 723 668 579 911 192 644 454 916 619 216 231 855 48 684 313 428 279 607 602 704 23 487 513 84 570 853 300 229 68 554 271 200 709 765 707 774 168 729 602 964 195 246 501 516 459 485 869 932 125 819 402 298 335 443 672 165 494 404 593 188
928 710 421 580 241 430 977 20 192 127 480 46 923 5 355 44 855 682 523 415 455 767 489 670 613 83 646 197 719 629 760 252 484 739 230 376 597 256 483 573 986 825 834 395 248 872 471 859 749 347 172 20 799 247 755 236 16 157 955 16 913 650 110 480 420 735 631 456 644 608 734 323 550 434 149 396 409 791 646 786 790 931 158 267 300 445 386 666 677 310 327 25 743 863 614 521 994 526 563 964 625 99 262 428 290 864 79 884 10 539 677 796 507 650 942 67 64 294 47 405 439 57 633 702 311 30 259 384
889 649 804 926 481 162 475 836 643 73 442 667 766 671 512 672 278 245 130 943 274 417 512 378 382 714 570 804 317 935 716 387 769 849 5 369 922 230 359 769 136 501 451 92 759 334 346 92 96 926 340 274 689 467 827 776 864 113 289 472 977 675 880 133 32 159 237 846 35 855 406 932 357 847 478 435 887 917 983 297 30 541 56 77 718 979 63 388 564 85 961 459 952 974 98 663 323 544 788 986 747 170 394 943 915 458 392 865 797 968 189 249 391 754 962 939 408 656 679 301 778 151 966 845 28 600 782 50
149 250 941 843 847 399 422 444 682 30 480 678 174 722 222 124 15 324 228 319 215 143 73 886 904 946 544 549 913 952 915 490 475 83 597 880 208 585 337 986 213 327 711 647 503 683 352 134 782 379 779 178 486 691 770 684 796 795 312 757 828 844 569 492 823 785 947 228 889 822 394 769 92 390 181 306 544 459 362 449 331 821 150 353 145 695 810 517 899 762 176 281 540 400 456 737 75 446 209 846 156 419 371 758 102 533 281 682 623 28 252 590 868 653 730 165 804 22 241 282 297 541 607 942 428 527 537 814
99 526 282 361 803 32 530 486 615 166 853 781 969 913 811 988 216 453 604 987 886 250 110 994 143 360 218 930 536 153 957 873 97 688 811 798 323 390 504 409 33 685 128 199 276 655 968 187 101 856 852 185 112 637 502 137 225 457 395 189 18 172 820 102 989 881 477 830 432 953 909 580 863 691 289 100 318 695 603 552 370 681 760 29 168 570 451 681 847 950 972 757 979 244 594 195 171 710 794 492 781 915 660 490 106 931 745 515 47 478 78 302 167 871 222 382 521 530 404 47 676 660 154 747 231 190 318 922
969 762 519 597 239 948 890 434 173 402 389 366 569 733 354 310 383 317 191 336 200 879 553 71 101 714 998 751 727 251 902 416 781 958 654 540 227 160 73 25 590 74 640 501 427 159 6 824 406 324 292 866 854 838 449 627 817 933 830 85 720 169 513 437 122 409 371 456 637 283 827 274 904 796 533 141 405 454 62 86 626 697 258 833 582 352 819 55 428 248 603 537 599 721 620 384 175 944 845 465 822 596 368 800 715 311 421 575 381 114 811 771 988 321 226 84 922 638 963 894 176 739 503 15 487 249 404 966
353 296 955 863 698 67 986 376 411 805 714 379 637 75 261 569 436 810 589 618 534 21 63 903 750 165 594 756 791 695 239 531 413 195 679 714 934 78 542 936 525 569 179 786 772 947 299 283 545 833 779 997 167 722 694 562 377 738 877 256 722 794 954 942 209 507 522 98 396 210 113 778 183 753 417 267 478 982 600 392 972 662 14 675 715 890 771 837 828 476 222 717 243 12 992 155 589 708 149 951 799 989 521 702 282 616 668 272 274 15 76 182 355 673 940 318 627 975 674 212 975 808 975 377 545 386 52 9
46 283 688 985 234 534 791 438 691 363 356 410 864 903 80 792 346 487 393 286 263 860 403 88 444 179 710 579 192 287 702 275 932 520 613 295 320 235 920 580 567 538 893 736 23 900 975 273 922 66 824 368 614 660 75 193 15 944 908 426 456 775 819 55 96 776 395 244 346 864 64 68 523 57 41 753 992 738 33 911 242 807 915 97 572 954 875 403 765 14 736 189 640 285 726 991 506 737 375 31 487 183 1000 585 239 552 143 802 801 57 238 179 992 769 222 663 385 117 223 256 520 739 51 802 254 558 523 658
202 391 84 806 388 141 344 984 446 719 401 515 197 984 995 398 459 320 364 853 750 570 420 36 230 8 279 759 815 46 105 721 58 492 391 329 681 899 599 477 809 926 165 588 855 50 384 576 597 708 950 851 679 553 702 919 149 178 566 566 135 272 53 886 260 213 407 782 346 678 458 673 540 167 520 660 201 443 965 310 66 734 661 707 55 711 606 202 60 747 995 464 490 424 900 164 660 497 294 579 620 31 422 751 333 879 194 544 639 247 478 809 255 737 47 625 134 38 953 956 961 748 955 568 495 812 438 299
480 16 754 500 258 465 255 616 917 727 907 828 687 555 11 745 555 611 203 871 405 83 504 929 786 309 749 785 955 831 778 129 719 103 979 791 33 25 857 959 859 733 164 732 958 52 178 129 793 514 970 127 603 174 626 260 954 606 57 830 146 491 474 579 565 245 545 321 900 591 214 436 34 857 874 99 263 926 586 915 357 891 715 654 259 974 291 920 368 963 92 749 679 267 223 608 311 748 753 462 507 392 710 21 425 784 643 310 587 350 109 912 200 876 136 496 655 941 584 371 91 18 322 560 849 101 947 960
590 74 975 599 448 539 73 298 847 234 681 851 114 923 597 355 941 751 284 589 832 231 479 351 200 158 515 462 528 28 835 486 882 175 456 79 932 63 305 37 144 53 163 820 253 191 279 698 872 846 296 430 189 939 693 669 402 137 51 479 356 803 525 817 688 532 281 302 172 495 205 775 439 481 480 410 267 768 699 147 458 912 887 330 648 158 467 588 25 760 720 722 979 590 603 173 996 454 91 2 725 452 44 540 445 159 711 949 688 261 541 871 783 846 726 104 457 294 565 638 995 586 427 546 212 441 520 203
830 536 180 811 13 391 451 913 412 756 474 745 72 753 507 818 373 130 67 499 344 198 701 557 442 1 76 71 44 270 905 194 556 5 234 940 251 614 1 639 220 791 297 56 963 435 329 857 14 516 198 17 475 76 167 978 521 708 477 784 375 109 26 576 45 75 361 304 857 468 28 66 779 483 435 783 555 223 801 673 397 569 89 200 83 952 172 594 213 414 383 884 869 679 549 435 601 9 341 918 217 211 508 536 64 530 506 545 740 461 11 696 709 375 565 139 203 698 880 925 754 311 802 93 920 446 292 584
225 953 500 974 898 98 107 615 787 837 356 763 384 496 268 214 528 523 204 750 769 385 697 877 742 829 792 537 289 781 933 176 854 427 414 545 335 545 551 335 669 621 882 349 148 108 310 735 480 884 940 221 78 697 923 962 960 946 670 75 166 679 819 732 539 175 742 541 871 518 371 756 177 125 177 291 43 673 429 89 364 651 97 355 861 433 466 688 580 13 131 998 255 363 305 898 911 664 345 312 684 542 77 348 259 862 497 882 390 616 282 270 456 958 258 493 475 604 399 943 580 849 0 939 956 221 369 136
206 117 289 612 915 621 973 793 62 432 488 19 151 917 321 77 909 559 579 997 834 896 355 998 249 464 857 765 408 146 231 328 674 815 946 567 52 940 717 153 249 311 549 145 719 391 483 5 126 190 527 225 531 63 516 919 921 495 310 489 438 168 77 532 33 866 460 865 518 300 266 878 430 698 339 768 598 972 159 485 939 583 919 273 745 937 325 428 821 837 646 409 691 368 34 275 66 623 919 930 653 535 640 463 784 566 519 842 508 516 314 889 731 156 895 63 194 92 69 303 505 656 675 483 181 322 859 190
909 291 339 427 962 331 38 713 911 510 956 236 523 841 575 667 742 387 432 299 779 929 61 55 810 90 273 603 136 734 31 50 699 633 832 995 720 815 11 530 327 166 824 102 218 505 27 286 56 880 219 14 49 950 570 981 377 796 517 901 97 417 79 773 273 895 526 409 481 266 733 517 437 29 211 723 198 967 334 154 43 426 572 334 93 631 178 107 873 310 609 849 363 597 807 125 283 845 757 606 491 887 306 385 539 850 587 627 918 41 305 183 835 221 30 304 451 425 778 232 126 194 690 927 652 837 545 519
70 30 305 677 653 7 810 934 641 276 557 621 414 494 687 994 161 971 537 173 813 830 296 153 945 282 37 366 269 672 192 86 906 552 683 712 836 356 667 994 144 688 641 138 248 907 291 190 45 159 882 632 97 487 490 987 78 280 942 65 581 189 818 770 76 440 482 607 315 906 691 323 219 353 716 741 639 710 196 393 433 942 21 286 885 954 761 410 622 586 16 167 282 554 12 453 547 264 701 46 741 530 411 380 86 305 867 459 875 854 832 71 693 747 171 256 362 581 68 980 836 367 726 401 492 277 355 765
478 57 676 81 37 41 839 551 425 554 220 603 53 571 175 692 120 503 701 804 192 290 257 21 856 192 578 997 901 213 755 950 362 578 890 586 82 51 306 233 17 793 642 877 130 346 693 453 278 121 533 884 27 367 818 871 937 377 501 475 833 797 583 508 589 579 964 450 146 774 80 17 542 290 183 114 121 346 667 117 302 85 868 585 826 810 246 999 357 460 802 254 524 461 149 9 538 311 42 862 275 878 571 90 778 131 455 926 347 55 122 543 383 186 78 941 219 638 251 218 706 795 335 910 619 50 559 890
558 605 844 499 281 920 973 825 235 691 649 720 861 309 95 619 189 370 763 233 76 53 987 33 252 793 198 574 743 495 128 672 487 800 389 879 939 658 486 140 342 684 343 861 502 728 32 566 859 823 436 865 453 803 687 334 79 236 728 688 616 278 559 585 25 432 548 104 878 152 925 647 289 276 512 376 709 905 757 376 660 596 871 688 114 643 608 426 455 286 856 297 344 301 888 620 644 435 341 496 225 908 96 622 438 825 169 24 791 511 822 424 957 354 508 187 123 361 437 452 45 740 272 22 386 231 835 594
770 608 157 808 268 163 610 993 82 66 843 342 496 337 645 307 812 434 675 640 638 877 299 208 290 354 26 143 487 360 884 716 411 27 204 180 204 585 929 379 236 578 614 323 17 957 809 793 590 590 643 303 803 438 567 788 186 135 345 788 928 519 231 478 258 919 1 200 867 956 257 833 479 748 779 18 963 929 794 431 22 761 801 792 472 892 665 107 970 742 1 240 501 745 38 551 719 391 538 593 819 110 692 92 328 515 164 504 917 161 968 611 217 130 981 488 471 29 109 933 297 16 564 216 589 661 127 944
360 615 570 18 102 631 728 591 589 650 238 252 425 791 567 472 303 457 283 426 491 737 265 191 351 99 960 251 770 337 254 183 6 536 880 293 189 181 111 952 891 613 686 876 335 990 800 520 928 63 641 501 445 28 654 883 789 997 337 796 765 581 446 720 856 321 107 649 335 654 724 905 948 658 399 318 49 741 229 715 8 336 557 841 425 207 854 49 311 339 905 698 952 407 253 281 462 563 259 914 805 445 159 511 519 741 551 717 343 537 254 1000 998 569 793 595 190 176 814 849 650 579 927 46 726 34 431 408
406 189 806 763 576 882 203 35 448 81 795 491 272 208 814 830 340 509 884 8 447 433 653 892 696 149 811 756 773 432 973 413 283 647 497 157 565 591 155 809 502 883 744 609 857 594 691 102 811 23 599 474 828 175 953 192 328 369 754 91 858 199 930 484 655 178 722 505 502 175 415 749 565 150 305 28 887 516 410 649 62 429 283 234 732 19 724 543 503 614 683 728 838 339 479 940 690 47 717 144 58 502 267 870 98 587 309 771 272 893 565 723 181 365 995 154 461 120 966 380 985 876 3 158 9 170 161 431
669 685 635 575 112 364 576 702 862 529 800 87 904 475 945 537 852 540 738 346 235 270 551 32 521 145 82 518 628 908 863 296 140 615 86 2 623 74 164 798 648 116 558 558 846 255 517 969 139 105 674 85 711 686 258 62 718 833 896 502 549 455 72 309 397 296 764 66 768 569 510 784 4 199 214 305 461 559 478 752 845 149 219 452 715 298 707 473 919 46 673 223 184 711 854 858 861 103 928 32 959 684 971 970 516 626 118 116 158 102 225 188 702 369 355 113 508 663 870 197 146 851 584 86 876 0 404 804
118 809 755 754 433 736 954 626 835 864 857 598 304 364 740 723 67 35 611 961 61 997 19 192 14 116 593 258 623 706 305 375 673 824 129 867 279 249 50 143 273 872 386 511 730 36 833 28 277 780 592 41 857 983 365 179 912 552 763 314 765 21 27 332 860 41 91 211 932 524 8 639 595 783 727 235 535 914 435 728 937 272 924 440 588 716 51 887 163 199 999 382 569 894 226 183 904 299 482 433 807 993 671 367 858 866 926 798 233 998 529 205 531 715 787 97 928 282 193 2 818 64 223 640 326 784 504 353
170 492 30 632 910 278 134 419 712 247 964 425 741 929 575 199 627 213 101 350 18 204 709 345 793 765 261 964 266 612 410 457 205 664 960 849 711 900 443 180 579 158 55 235 54 293 794 981 162 680 236 696 102 540 91 686 834 535 480 479 85 320 255 268 345 8 384 603 69 831 972 95 875 302 271 48 501 311 583 751 426 567 100 556 803 18 917 809 795 428 666 83 354 119 515 53 839 835 958 302 599 693 529 592 520 665 352 271 509 846 52 588 54 399 549 210 842 728 284 425 948 706 71 148 833 12 303 282
163 297 731 399 612 738 282 19 785 295 643 786 270 212 619 276 429 747 696 978 333 884 380 155 940 9 867 48 868 30 551 664 404 196 739 894 504 818 931 694 725 379 915 999 976 133 859 36 260 238 170 392 343 259 781 352 361 988 401 16 528 595 226 220 481 447 811 334 439 743 998 75 424 619 402 691 378 974 581 814 727 699 466 395 562 852 16 872 192 494 904 418 156 717 253 340 463 310 883 822 204 635 739 203 496 97 492 141 379 451 517 239 738 206 618 768 889 327 461 857 695 249 155 406 686 46 28 766
207 497 93 92 261 778 491 390 245 403 315 406 270 493 144 448 702 162 752 631 176 569 288 910 186 948 742 327 3 359 764 580 866 831 645 296 910 197 707 996 976 285 176 816 177 709 375 143 179 130 17 517 874 195 890 693 299 851 254 873 245 949 726 150 485 87 467 342 710 218 262 867 727 330 220 592 308 694 508 161 172 233 769 702 905 419 247 760 804 668 302 956 602 523 583 474 376 231 746 586 259 968 730 635 627 863 841 126 130 731 456 843 968 716 420 554 184 948 298 57 584 644 455 808 280 96 15 522
533 636 715 465 670 326 802 891 999 425 850 167 290 649 353 841 626 590 623 770 846 454 152 316 459 243 442 115 363 856 10 630 790 300 484 9 543 45 1 650 737 899 980 555 88 876 796 220 995 159 209 235 905 570 163 655 657 561 952 389 574 28 136 142 239 789 19 408 582 777 564 90 937 993 584 983 329 851 383 635 506 663 729 605 515 451 856 505 940 704 734 11 829 130 996 863 701 96 913 0 535 148 963 361 658 939 3 286 822 127 895 363 246 153 886 216 875 592 95 957 429 398 573 875 53 579 365 43
235 290 490 695 197 795 883 488 610 499 274 534 364 301 1 47 13 421 119 868 182 299 303 883 23 942 483 606 878 736 196 215 644 337 346 453 534 934 940 30 843 734 625 536 494 583 985 825 717 291 496 341 175 962 472 452 890 912 180 622 150 283 803 717 57 494 296 213 464 577 931 1 945 433 451 499 473 990 125 233 343 961 470 494 557 208 155 486 165 926 495 790 833 176 265 277 560 814 712 547 811 43 238 453 125 114 388 731 449 60 660 385 679 678 173 285 174 404 755 301 283 528 472 246 668 301 486 638
790 814 41 55 119 319 308 512 410 432 416 568 698 7 514 496 914 646 199 932 541 461 13 976 276 822 590 389 718 882 206 231 988 461 585 101 768 944 122 732 125 721 272 875 61 463 67 711 734 119 241 806 316 363 878 492 721 144 393 418 185 556 83 328 873 1000 456 417 672 350 736 534 4 800 204 329 944 475 817 627 70 859 576 204 723 155 582 924 623 10 170 845 998 504 749 992 864 87 314 195 135 606 285 878 421 123 899 158 653 967 712 144 528 353 339 137 319 782 490 48 45 876 732 804 760 288 351 167
949 973 195 903 688 52 425 989 295 505 881 129 781 877 158 720 471 831 19 503 125 293 95 728 468 897 889 713 343 931 46 363 328 7 638 77 659 192 615 194 711 276 449 228 977 294 871 121 938 464 391 160 87 374 697 431 357 54 827 804 166 600 303 1000 622 125 550 212 855 843 649 653 776 402 660 677 212 630 377 930 73 994 24 988 367 74 371 922 54 796 100 53 783 55 239 696 464 813 375 175 992 112 317 155 436 404 664 761 782 519 970 885 177 310 642 952 193 214 953 27 235 770 444 259 145 484 251 466
915 149 662 587 768 202 915 337 858 890 167 679 796 1000 890 350 591 789 216 237 683 523 952 150 385 409 646 631 857 296 342 580 252 935 662 339 245 189 452 103 873 982 171 877 119 777 423 413 500 827 867 748 633 441 284 910 496 841 982 655 105 24 490 135 270 794 373 425 755 340 800 900 830 156 17 763 858 538 730 905 333 212 798 794 427 158 308 197 393 741 974 949 681 698 726 477 615 522 678 171 416 578 455 934 547 434 516 422 998 698 217 583 530 675 578 369 58 45 860 701 852 223 821 696 710 970 146 992
813 884 789 749 793 289 876 515 658 465 699 421 265 620 252 568 658 156 129 861 465 907 796 221 136 654 715 814 121 482 641 509 954 259 743 283 627 782 274 65 824 362 698 75 126 895 227 409 792 818 648 347 945 48 746 447 56 99 838 754 339 607 998 665 341 307 543 503 934 711 630 655 957 201 357 83 630 814 427 409 587 309 531 703 387 355 624 235 34 28 293 128 618 435 856 551 202 212 8 443 479 462 787 860 63 949 604 52 34 782 491 122 97 943 17 748 409 487 347 210 662 402 927 297 975 147 703 24
502 494 37 614 898 885 660 842 805 12 474 696 703 159 294 948 14 278 906 4 701 826 118 450 901 473 902 205 191 806 483 405 593 414 370 251 493 711 209 318 366 52 881 146 812 130 73 994 883 59 978 226 523 238 850 804 522 483 912 279 663 576 174 693 414 947 712 667 986 835 416 645 204 984 983 193 146 38 439 279 994 225 851 69 83 217 722 8 834 131 59 181 587 594 782 130 306 657 841 721 680 920 664 206 319 178 788 808 341 93 975 655 405 468 875 586 375 688 484 906 538 350 944 932 940 55 809 716
318 682 636 3 822 751 647 82 138 383 513 317 302 515 628 631 403 28 651 604 304 317 467 536 608 78 448 430 56 127 588 929 886 453 141 438 400 664 808 289 834 162 988 184 211 496 170 601 653 383 941 141 720 782 29 368 853 112 885 752 498 147 67 440 679 64 724 956 248 419 501 437 755 715 138 578 396 387 472 88 69 60 94 402 954 971 67 902 620 462 984 883 975 997 96 188 791 13 382 777 366 359 770 218 32 773 825 995 10 754 789 730 776 248 870 155 764 130 328 848 90 43 856 433 87 176 257 607
753 580 363 575 337 314 561 113 250 456 754 711 325 888 748 370 156 880 477 718 151 906 22 23 396 141 219 351 660 770 405 273 884 199 994 711 900 57 700 553 716 837 804 846 800 279 935 698 387 99 110 250 646 847 261 243 7 661 462 365 891 439 440 99 990 880 329 645 613 852 108 222 748 967 135 490 933 36 548 221 724 717 528 932 80 106 546 444 593 991 219 58 260 894 679 459 829 300 266 895 61 430 192 531 281 162 892 857 205 915 516 590 419 33 983 117 918 282 672 562 697 831 218 291 699 871 706 260
423 328 427 15 780 444 6 841 831 988 211 113 632 506 759 116 43 431 252 438 166 677 145 368 153 767 121 593 880 187 448 657 898 147 41 350 875 278 165 733 835 790 746 876 85 528 368 43 679 261 26 563 870 480 941 669 39 437 168 16 507 486 679 535 89 584 177 922 755 483 942 476 83 498 680 882 94 821 235 760 939 283 749 409 758 388 266 641 922 263 824 332 378 741 194 901 661 409 371 753 417 560 772 390 702 978 605 333 678 482 187 255 213 411 497 910 365 892 450 28 26 595 424 331 848 792 487 315
884 409 415 204 643 963 551 471 896 397 554 975 108 134 913 241 997 220 187 50 837 883 255 362 359 619 701 101 431 735 615 653 665 966 180 592 486 66 239 148 271 17 794 254 559 771 177 693 241 464 7 139 453 574 423 393 937 550 149 26 301 382 604 482 70 928 365 563 857 215 69 802 451 65 967 440 181 42 193 934 725 477 217 377 745 492 368 112 105 359 311 449 162 312 923 4 726 929 894 749 144 467 312 98 878 493 17 893 709 309 703 289 355 672 465 954 71 862 481 63 378 960 445 509 471 74 181 666
122 299 161 627 119 517 35 513 728 304 624 865 422 742 117 486 906 690 273 379 161 610 841 782 670 401 795 515 402 203 146 834 554 738 260 974 58 627 243 141 397 811 618 195 872 746 379 557 492 388 312 98 794 781 588 425 831 389 611 765 10 978 252 693 932 820 505 240 252 319 447 190 265 468 574 480 862 574 836 568 838 116 829 556 275 717 85 446 714 38 276 92 414 511 92 936 778 202 173 233 427 149 309 807 104 810 878 356 622 540 770 825 272 402 447 345 831 878 183 1 668 393 283 1000 680 590 247 663
756 120 495 568 934 550 375 468 341 991 602 792 910 411 308 436 652 224 386 311 845 918 408 715 528 887 211 311 246 555 190 790 265 942 131 802 626 789 58 98 304 874 994 507 95 549 413 21 381 63 357 643 554 437 272 852 93 378 578 962 217 440 989 566 574 904 307 178 608 431 555 323 776 83 214 74 680 763 283 33 303 731 745 173 981 676 864 545 356 54 360 664 618 165 468 571 892 898 685 875 996 30 300 817 370 102 832 407 901 855 146 171 630 59 316 757 562 888 855 35 601 685 105 225 574 29 995 392
361 400 948 600 233 424 534 396 496 549 44 881 864 363 249 926 786 690 955 245 324 402 889 539 253 953 389 770 747 37 871 780 609 621 125 968 178 380 292 572 59 793 553 797 985 387 129 691 641 249 804 243 41 451 950 940 92 934 314 989 839 680 444 191 691 477 835 532 311 436 946 333 230 4 200 744 805 160 848 577 582 662 390 889 289 774 455 388 186 948 390 234 452 883 76 992 349 131 563 612 209 528 72 103 112 923 9 439 468 646 929 865 683 135 43 335 489 220 802 966 313 549 680 896 858 497 617 830
191 233 751 312 496 189 673 777 32 101 89 475 557 154 826 324 662 243 778 880 354 118 377 903 55 576 956 411 35 608 975 694 595 947 963 589 476 711 583 441 235 476 305 494 103 671 286 350 694 620 313 826 196 159 703 822 87 127 832 305 824 202 600 686 889 788 469 778 172 65 100 451 777 516 355 197 734 795 281 901 818 108 18 249 526 571 847 947 1000 144 971 633 648 654 0 455 358 288 483 756 922 655 358 565 541 943 487 508 633 403 746 208 632 554 67 274 695 116 984 854 751 473 402 413 270 611 9 420
897 420 315 950 149 700 333 551 34 566 344 309 536 631 203 625 359 571 624 563 782 955 730 73 345 977 111 77 516 149 288 987 859 269 267 227 272 383 893 545 414 293 51 151 989 562 66 168 964 659 895 530 620 885 731 290 483 333 418 509 349 488 736 137 1 504 252 954 335 431 485 608 631 506 598 116 773 807 799 570 256 638 896 683 769 810 425 697 329 453 765 225 42 823 602 681 234 451 41 169 552 661 76 86 554 577 940 847 453 132 350 118 407 35 76 47 262 647 881 59 652 677 246 353 653 739 982 896
28 58 93 798 701 463 336 263 506 202 950 2 452 259 582 144 188 774 435 217 900 60 180 636 137 768 555 37 608 3 57 957 555 151 93 49 302 896 704 775 310 686 20 276 232 49 882 208 49 938 958 323 998 865 292 731 514 808 322 405 566 492 307 245 644 548 835 44 209 832 697 475 684 29 896 388 677 665 504 565 787 461 109 114 46 238 494 105 235 5 174 194 318 749 88 82 251 388 412 280 58 162 467 402 717 494 744 827 297 11 231 92 758 592 762 553 420 205 299 855 774 433 653 471 258 205 982 657
680 917 283 268 212 9 510 383 98 256 558 258 827 553 178 524 144 466 8 24 786 584 248 702 895 249 597 974 136 257 156 842 223 104 827 524 803 269 913 278 204 145 957 597 608 738 295 59 240 121 40 223 498 330 391 941 64 787 183 701 854 801 810 663 894 910 984 707 367 388 910 601 557 435 160 172 224 561 349 743 514 252 79 106 515 992 318 173 84 186 224 78 478 488 111 786 763 750 755 105 400 68 537 209 895 235 196 859 655 607 792 546 447 40 283 554 626 113 57 934 436 28 313 710 420 574 799 555
991 288 679 682 918 563 656 258 936 32 806 856 904 22 72 503 466 569 528 686 150 53 985 833 302 420 523 244 32 3 176 779 567 462 673 946 702 483 289 166 358 462 814 154 187 167 221 381 582 418 713 862 220 655 168 279 141 44 332 148 495 777 575 200 378 808 881 841 671 432 971 874 60 216 1 405 305 942 879 252 642 685 791 583 963 555 715 172 79 449 418 2 538 27 770 584 920 997 499 102 414 572 144 302 334 651 926 689 725 306 190 206 984 226 121 750 540 296 419 86 387 262 286 569 829 10 500 280
12 159 661 518 338 624 4 513 985 852 952 881 661 776 615 102 370 213 967 938 176 96 45 778 222 801 892 65 283 131 362 546 681 373 110 395 783 554 15 757 823 345 636 484 897 271 60 225 333 788 701 457 189 899 225 575 86 327 300 707 121 16 806 66 390 994 319 638 425 722 396 747 363 80 995 923 346 219 387 887 4 880 721 634 266 315 820 711 766 180 442 813 707 622 616 533 197 288 829 664 961 647 727 961 596 947 233 159 150 112 337 916 879 64 680 742 594 426 887 869 431 895 183 23 737 999 633 208
985 389 276 829 7 753 157 195 647 193 237 614 449 828 109 51 49 0 396 517 942 656 249 465 683 464 926 571 358 733 74 811 398 248 631 822 782 673 3 157 909 563 57 593 67 646 807 596 517 707 324 243 573 757 55 379 396 587 450 892 956 156 318 150 569 767 317 111 627 606 541 377 741 863 230 485 312 202 484 784 498 676 136 906 841 829 392 388 380 823 500 477 474 858 900 538 707 833 226 281 410 122 709 506 926 137 771 913 133 932 207 197 979 849 224 319 216 821 3 798 522 42 899 883 16 764 393 371
46 334 514 69 4 341 372 407 568 174 67 512 911 697 226 392 561 436 429 562 795 159 278 180 96 426 111 277 6 362 451 715 935 8 179 847 649 518 594 442 227 283 33 690 469 487 67 421 70 395 130 733 552 432 408 146 85 927 210 239 984 615 734 702 283 660 851 368 376 237 219 59 681 530 306 156 323 832 521 402 722 386 231 180 376 852 177 979 37 497 996 203 115 599 48 500 507 929 955 980 517 190 651 91 276 770 156 974 844 221 375 187 575 525 730 473 278 74 949 734 890 411 214 746 664 440 842 603
478 38 108 673 62 144 359 855 222 186 478 485 5 735 498 479 61 628 937 51 870 496 79 271 983 681 154 389 890 571 315 748 212 689 896 147 586 605 417 524 515 272 40 453 994 843 645 572 324 204 106 789 620 916 206 119 231 177 191 349 717 252 663 548 36 25 299 968 261 378 515 866 729 549 150 224 714 909 479 555 226 144 424 245 542 184 964 802 971 72 250 827 324 109 750 238 585 489 694 627 802 937 913 394 947 493 463 415 142 407 601 62 312 439 136 475 647 420 153 771 950 618 386 327 387 301 684 451
600 498 554 10 274 447 61 418 445 300 141 253 448 14 132 636 882 59 0 209 921 852 523 325 750 861 490 595 977 112 677 306 278 156 527 600 188 690 617 685 416 945 812 191 122 563 849 617 443 301 677 576 715 716 793 857 185 980 191 117 371 886 460 200 589 508 110 310 657 922 523 319 40 639 753 704 53 497 895 552 730 220 361 712 168 90 682 727 884 99 105 521 549 743 19 78 403 512 309 43 918 681 502 528 712 671 618 997 477 287 640 387 769 925 605 854 418 807 60 550 316 176 724 786 828 796 961 781
647 448 374 859 597 996 256 666 211 308 260 292 880 376 340 220 468 465 893 788 516 200 451 482 545 388 173 22 850 360 598 793 433 94 101 677 101 268 721 754 476 102 651 759 900 77 976 249 648 922 330 801 814 602 286 184 50 73 188 739 444 689 791 271 889 898 428 854 270 976 938 594 81 562 22 705 289 254 969 152 227 455 256 113 707 594 875 825 371 441 831 804 516 51 248 459 917 740 837 149 806 29 331 836 194 637 960 809 668 954 92 869 996 885 98 983 331 449 398 624 674 417 972 222 901 565 667 958
167 306 680 922 528 538 220 209 870 349 304 316 731 707 636 100 768 51 959 785 495 977 596 612 750 721 676 786 207 348 132 840 571 905 24 749 160 623 127 297 656 600 901 879 432 767 353 731 431 661 599 39 746 707 860 149 635 0 966 763 391 891 214 584 429 532 288 853 825 180 644 183 389 616 568 403 86 802 667 23 94 648 380 576 601 153 705 603 165 684 44 220 326 858 454 26 546 454 34 88 270 467 800 444 789 244 836 90 976 904 170 977 491 982 46 55 322 592 151 991 440 882 895 318 584 879 578 953
49 328 442 883 129 312 887 737 309 315 936 189 70 725 548 312 405 749 358 909 262 920 724 199 931 745 593 744 252 651 368 357 261 99 294 532 310 770 874 805 156 108 666 998 878 962 989 582 405 673 889 163 661 705 351 199 590 49 372 856 997 382 824 627 612 529 651 639 145 74 982 95 119 425 880 53 976 380 372 956 569 560 436 748 771 860 220 651 614 882 342 141 266 946 570 87 157 137 678 528 868 560 976 127 880 476 851 880 54 776 401 397 539 685 609 465 521 172 653 787 869 993 929 499 923 504 989 48
718 904 24 599 776 437 433 345 639 67 713 429 999 988 487 531 749 668 818 988 328 796 479 222 818 9 186 54 609 86 916 661 620 75 893 511 784 707 43 672 593 363 550 295 677 255 565 328 675 463 359 563 489 515 598 828 227 772 413 884 397 300 905 539 847 47 125 890 735 188 561 670 754 929 674 580 338 587 762 813 139 836 796 493 311 284 570 916 532 825 119 664 745 814 320 423 615 520 873 785 393 708 429 754 126 641 235 19 680 207 421 816 107 79 371 232 688 380 31 733 962 736 996 742 328 975 201 726

----------------------------------------------------------------------------------
Input matriz 64x64

644 552 579 295 256 587 48 636 875 526 971 388 68 646 149 65 470 111 926 318 748 836 758 213 227 112 363 28 251 645 478 424 834 535 225 544 870 280 51 265 869 900 620 761 161 273 734 347 388 576 985 591 745 198 426 423 829 144 934 77 997 888 187 625
100 62 549 372 887 390 554 737 95 336 654 294 488 285 503 299 991 577 142 790 689 681 694 612 652 93 277 435 70 700 401 609 320 434 758 246 95 774 631 118 785 657 120 474 503 188 132 406 825 889 626 987 819 108 248 792 501 690 785 478 649 648 728 353
304 444 692 596 157 356 782 925 227 890 313 124 106 964 236 831 605 886 83 763 462 474 961 81 275 565 124 685 801 62 965 558 780 114 965 281 37 927 387 803 612 579 262 199 674 657 987 124 732 551 852 393 679 458 474 209 132 146 98 659 419 601 669 326
469 226 859 69 676 315 490 28 420 0 522 325 556 485 622 797 317 318 507 376 708 892 3 628 65 937 495 445 258 428 407 433 421 947 306 570 539 160 417 292 653 829 378 203 774 1 953 226 702 439 284 564 761 607 68 418 850 998 576 41 854 768 628 10
245 581 878 653 784 24 169 291 364 215 475 587 845 108 160 522 971 905 425 559 452 162 485 942 569 896 788 19 236 138 38 116 980 547 528 347 245 731 927 488 200 337 906 308 84 22 172 446 589 178 873 521 464 780 763 284 723 759 330 456 568 892 733 514
204 574 28 982 278 963 167 226 197 271 32 419 32 389 994 336 641 199 231 549 350 521 893 370 619 438 251 516 538 306 190 296 611 256 927 748 973 154 257 236 389 464 374 556 918 944 440 20 279 66 799 132 702 944 307 990 845 360 834 240 877 959 529 104
209 70 619 219 802 112 165 96 182 386 794 799 391 268 475 988 799 811 187 533 451 117 57 856 286 948 833 912 815 872 657 199 288 117 686 53 724 501 158 118 691 574 184 160 525 815 239 332 163 526 402 210 431 941 239 11 137 204 88 738 887 22 593 830
149 950 817 990 798 457 950 816 475 458 528 780 432 388 4 290 53 93 738 813 890 662 498 730 644 758 885 942 513 266 894 433 301 4 283 258 342 389 461 990 837 615 886 176 862 79 340 754 628 929 4 481 88 528 496 265 592 287 812 584 842 101 141 378
122 224 814 610 43 739 418 501 710 977 464 31 366 377 71 32 121 409 893 871 176 49 267 298 996 704 506 500 113 819 395 489 60 213 775 735 375 159 918 13 125 345 456 63 201 719 441 971 64 783 644 565 375 440 743 138 856 417 635 905 836 659 990 353
285 869 234 968 604 228 151 514 609 161 104 676 374 106 735 964 73 372 326 787 652 335 301 753 522 170 997 602 49 51 273 185 711 667 658 758 196 250 558 273 634 863 450 80 551 279 890 596 202 887 172 791 235 0 361 117 749 621 636 873 259 771 414 117
433 760 54 864 634 477 52 183 264 464 704 481 111 593 747 742 382 79 764 11 776 320 679 410 588 871 757 912 680 835 962 861 47 157 745 34 514 259 498 794 389 189 140 18 837 713 450 708 145 29 405 661 400 521 589 530 330 785 505 824 739 657 474 682
805 812 692 579 619 977 918 401 883 129 323 904 875 727 867 660 6 154 699 741 82 81 207 283 747 910 660 539 755 837 320 246 600 680 534 640 695 588 77 634 729 19 328 71 801 341 333 706 248 708 671 409 405 375 810 460 943 253 428 620 663 431 530 383
285 731 496 20 18 765 631 348 49 765 276 480 987 776 920 288 197 543 440 390 211 970 138 879 72 324 247 183 411 806 772 137 313 63 238 261 865 954 954 469 733 357 929 600 429 358 286 687 567 534 514 643 173 674 709 28 32 121 125 542 53 622 451 937
254 243 96 858 501 996 953 361 174 978 885 745 298 427 761 164 656 380 654 18 243 609 250 686 144 632 785 628 559 423 265 721 156 500 590 505 322 822 18 474 784 261 565 727 167 548 718 394 203 568 980 995 917 202 983 100 576 53 573 434 702 46 296 82
95 727 184 387 233 41 8 492 550 439 968 716 955 168 395 745 817 211 155 863 723 86 935 135 548 735 311 185 7 620 205 586 1 350 165 61 854 896 968 274 400 779 583 823 846 605 744 962 699 592 294 162 764 433 284 211 96 412 468 596 476 833 952 408
54 890 375 779 714 870 29 196 608 825 180 118 709 747 882 485 986 580 6 211 548 556 423 313 886 418 55 309 254 103 764 535 399 193 422 122 816 232 674 92 410 482 631 708 635 749 136 127 788 873 963 913 463 316 919 75 438 989 16 438 976 441 253 494
19 73 85 570 863 384 299 479 256 613 27 958 460 58 944 68 144 693 512 364 90 539 964 160 294 482 248 908 535 674 150 191 749 125 888 312 665 902 996 78 238 762 626 93 129 898 340 764 191 979 4 861 209 237 900 549 450 661 309 309 518 564 684 471
924 788 575 106 150 377 493 943 111 152 271 487 283 554 444 76 31 666 632 206 83 876 565 958 403 212 943 941 525 41 678 81 82 341 134 219 409 901 210 571 15 522 217 24 824 287 556 183 937 409 557 951 487 657 327 100 782 723 709 141 18 648 64 841
725 880 281 504 153 906 358 803 662 500 349 76 100 247 100 404 519 560 382 774 443 469 440 22 903 838 242 563 398 238 383 5 200 630 108 890 551 819 7 842 424 962 498 105 633 127 189 553 921 792 223 591 584 725 855 785 160 924 533 730 162 428 712 64
840 651 470 436 136 757 570 968 684 856 155 244 379 151 221 126 412 795 161 290 210 372 861 594 479 604 508 443 194 110 467 249 512 587 713 474 555 720 720 128 363 552 900 462 569 658 142 874 97 683 900 314 241 978 901 69 714 476 91 229 668 716 245 115
328 231 82 156 864 388 735 851 348 543 4 915 530 9 581 560 354 959 625 669 719 125 890 690 242 165 962 548 261 474 552 555 162 68 723 579 877 740 886 812 94 829 929 679 581 360 224 387 467 591 179 675 466 664 412 241 870 210 470 754 510 771 293 945
120 485 648 791 340 511 989 198 650 515 567 81 594 43 440 397 262 656 698 135 935 84 380 886 817 129 313 77 190 570 753 489 824 792 358 311 633 622 726 308 74 225 50 605 509 881 724 694 389 375 171 626 535 785 705 476 397 385 108 575 543 739 614 593
687 797 777 137 187 696 633 582 361 909 762 165 619 123 521 211 645 827 787 670 142 742 277 5 318 405 558 12 667 982 393 892 15 41 292 420 626 160 446 365 583 71 194 846 758 654 264 245 752 411 592 552 683 175 545 943 760 743 633 901 911 10 467 899
670 600 965 824 597 542 204 813 938 860 37 7 768 762 472 239 848 216 217 711 0 842 400 355 847 658 610 485 286 290 414 219 851 734 370 689 330 815 489 892 655 251 885 60 95 292 386 825 188 252 825 352 425 314 244 98 476 629 909 459 36 192 883 276
707 609 905 658 573 163 552 190 348 896 173 652 398 332 794 894 489 450 807 50 871 805 813 394 405 710 945 679 721 214 567 465 962 519 297 696 75 763 40 204 576 609 218 625 757 569 473 943 55 487 627 189 354 3 93 177 572 546 989 730 102 710 4 188
288 312 200 813 650 705 310 203 338 435 182 209 436 677 858 70 957 886 632 67 824 64 687 102 918 421 601 71 90 237 662 903 669 145 813 47 475 299 848 978 960 719 228 239 270 233 423 770 833 579 404 947 814 647 676 547 324 230 734 493 625 341 859 628
705 310 627 799 249 539 3 316 49 201 275 134 450 277 30 30 340 482 823 832 149 463 188 484 199 635 841 726 13 816 647 876 856 679 726 614 171 285 382 399 208 840 998 495 883 138 753 97 228 931 778 719 267 543 61 269 297 673 898 244 695 184 35 320
720 131 279 553 864 55 933 612 942 355 776 153 660 627 505 995 74 538 831 487 581 107 642 473 195 489 542 849 805 92 422 155 512 900 349 176 72 333 465 980 134 985 119 43 533 325 585 661 557 916 824 684 148 883 33 201 213 763 328 377 640 759 756 956
175 899 780 150 889 312 18 656 393 971 970 484 498 755 842 281 504 296 803 644 968 586 775 120 723 720 781 79 997 110 147 448 863 944 105 415 427 813 765 111 625 134 173 154 217 133 614 350 681 748 484 83 401 287 662 850 536 889 894 848 1000 726 810 610
598 599 73 255 419 49 907 107 126 851 297 406 779 525 639 742 389 64 928 430 514 781 306 294 772 101 102 583 860 913 500 514 641 158 554 434 303 880 803 865 947 142 812 373 66 816 648 275 461 112 313 582 279 948 113 802 97 733 303 501 53 223 679 291
595 35 257 486 627 681 809 636 244 229 602 759 417 482 330 914 718 495 417 754 169 134 421 939 545 425 449 760 568 563 281 331 90 81 219 699 71 992 408 667 390 109 89 857 434 192 453 575 449 939 403 798 765 733 529 812 626 259 117 395 994 483 864 622
199 802 173 720 812 910 200 95 515 279 110 116 699 666 965 336 999 705 429 716 450 517 60 826 736 246 983 998 38 127 850 921 749 30 94 898 780 435 682 784 984 354 364 399 565 691 408 880 798 300 667 132 881 976 657 298 187 936 980 620 72 341 233 135
470 928 451 734 61 13 287 276 727 974 486 435 789 912 690 62 199 890 761 0 463 243 418 881 81 238 911 33 138 292 297 326 312 332 422 315 970 414 64 515 301 915 865 138 68 308 886 869 670 757 866 217 943 132 784 776 579 129 355 261 370 769 976 98
715 250 66 451 403 974 300 874 332 343 568 246 959 678 14 679 923 900 181 747 571 902 229 530 494 925 608 385 125 940 651 32 304 125 790 738 308 943 702 992 564 660 473 956 198 861 431 139 887 374 258 385 631 336 555 324 133 517 990 97 368 548 915 393
9 752 970 822 580 174 790 672 654 739 78 43 863 705 918 437 395 960 380 282 27 260 857 636 962 290 497 111 370 758 949 62 573 986 542 271 558 762 552 853 500 736 645 946 827 454 772 105 682 300 686 967 793 666 269 604 394 915 239 425 814 686 594 730
322 207 764 790 213 893 245 943 974 962 207 81 917 955 892 843 14 195 901 381 724 632 280 238 677 182 39 26 943 267 789 693 671 489 116 45 337 702 199 44 578 164 103 97 120 452 394 275 903 591 176 962 814 198 225 139 282 582 631 866 655 948 989 643
375 597 320 376 845 428 813 368 640 412 392 970 733 454 646 384 645 958 814 402 887 569 228 903 864 549 12 486 669 69 549 382 535 284 523 276 415 160 799 833 363 940 796 836 600 829 983 20 275 791 973 283 907 734 269 601 145 654 493 859 756 423 685 911
445 174 135 935 240 890 687 596 232 522 601 991 647 717 700 355 642 746 960 313 878 65 897 465 987 340 27 809 383 615 659 721 677 547 559 663 73 766 742 734 571 365 690 542 500 404 68 126 658 704 521 346 328 526 864 363 23 294 829 623 10 429 748 992
686 850 393 898 350 668 764 627 977 758 622 565 59 389 597 533 334 999 283 383 565 407 514 152 748 217 509 415 958 710 700 739 485 307 39 554 939 444 939 163 511 788 54 336 458 783 158 721 256 272 310 177 960 324 985 151 277 851 645 163 505 411 643 116
934 377 317 221 871 326 614 877 667 157 636 262 864 896 293 159 455 276 420 203 684 19 448 618 825 563 233 521 213 876 677 411 463 238 827 560 435 396 700 198 180 813 643 654 53 944 889 128 5 544 427 122 625 474 383 552 660 297 815 633 278 426 560 25
840 608 486 214 988 808 704 908 648 479 308 191 844 817 372 315 875 578 797 542 520 217 722 906 744 978 859 844 223 238 314 41 26 560 678 795 911 774 418 705 908 39 452 442 702 303 279 43 648 171 973 663 35 949 79 445 855 682 316 40 780 480 309 204
413 111 44 744 240 374 893 675 634 262 123 173 587 327 917 613 482 308 588 991 332 574 669 456 65 80 428 726 462 945 486 831 902 696 754 806 301 251 825 859 838 875 902 977 395 212 537 340 979 853 835 503 701 454 554 809 172 259 786 723 14 951 734 107
100 862 686 567 48 765 825 621 576 166 49 451 742 702 989 986 878 811 638 829 499 407 292 886 202 390 190 4 770 908 458 620 752 730 148 706 427 702 98 816 744 997 52 844 489 219 514 444 693 516 220 395 509 797 986 278 335 262 541 715 50 966 638 313
911 409 707 783 792 212 0 658 12 724 968 721 209 71 905 523 460 411 536 273 602 71 93 553 663 1000 923 309 681 824 506 909 893 410 852 568 287 314 58 655 354 44 929 242 541 150 906 456 682 839 483 763 180 407 96 649 135 53 592 663 793 972 341 243
682 880 648 390 297 989 132 70 595 991 473 158 344 75 675 646 695 671 969 331 212 157 49 205 678 19 210 47 126 620 542 199 367 874 671 75 660 137 211 509 758 527 921 880 404 987 60 726 784 837 736 70 357 357 70 937 431 147 807 193 579 922 870 919
83 516 540 952 139 504 983 280 619 305 184 186 750 963 135 623 504 565 347 907 95 115 34 475 806 177 778 810 375 714 907 583 191 279 936 175 167 26 334 338 467 440 622 159 176 122 984 167 719 122 708 396 674 596 26 719 170 632 114 942 749 366 358 375
586 205 367 39 259 401 434 325 561 599 674 636 694 427 504 374 498 167 81 575 56 557 665 388 811 369 903 230 647 730 492 823 840 373 756 912 775 664 206 936 444 906 492 86 121 75 10 752 191 354 919 686 263 618 945 868 203 565 52 931 77 125 150 554
322 264 503 628 446 1 512 579 57 219 977 11 594 152 332 931 565 500 506 683 531 261 160 710 958 151 925 156 784 571 816 228 783 158 101 537 77 614 417 494 841 748 564 199 271 606 510 928 577 755 3 807 900 210 367 435 349 514 463 300 704 708 595 574
812 154 225 283 585 928 675 423 480 389 554 149 848 410 751 598 811 424 966 701 83 470 320 40 491 973 228 439 885 822 315 913 377 113 865 344 195 201 489 352 934 80 365 450 613 681 703 439 715 473 275 231 467 845 642 175 631 431 36 198 308 862 455 221
924 369 922 581 94 123 166 996 846 336 394 414 578 852 932 662 88 819 975 245 642 960 394 433 755 909 979 658 204 23 399 70 293 67 934 466 950 756 666 898 927 679 460 918 210 491 899 53 567 206 474 956 55 209 576 856 761 906 624 511 454 453 114 656
426 672 30 980 182 346 983 809 324 368 478 87 793 277 557 917 272 93 469 102 213 935 376 803 797 962 337 951 384 964 861 653 432 211 912 605 256 739 893 858 926 673 529 6 187 389 313 95 795 927 158 303 442 90 696 232 547 562 479 158 212 396 798 46
940 145 774 290 499 488 360 573 721 466 679 141 736 273 104 304 612 285 439 458 233 613 197 52 487 677 10 863 600 444 169 599 952 691 538 935 526 797 147 270 815 375 305 568 719 750 205 396 963 135 500 535 702 838 79 897 169 552 947 593 458 515 812 994
510 190 670 374 549 12 894 580 493 379 865 336 886 788 345 722 576 423 515 394 651 82 874 310 418 825 211 682 164 616 908 385 631 290 224 215 901 717 737 735 239 709 280 992 740 677 451 955 505 339 83 708 100 92 761 502 983 764 767 90 895 8 257 110
879 665 508 95 702 98 843 415 834 847 334 224 702 771 382 691 498 613 95 726 544 531 127 37 414 853 397 83 270 966 641 388 127 417 535 826 878 327 989 797 430 374 376 775 673 896 941 345 914 463 940 485 570 877 564 978 407 837 27 646 114 927 92 411
316 930 342 346 574 31 180 571 965 643 126 353 178 510 651 939 493 549 345 922 323 489 594 416 391 926 691 668 592 993 879 181 537 592 189 253 641 623 185 428 335 849 399 43 318 566 444 9 244 310 474 382 252 774 883 948 967 412 677 703 169 656 339 157
828 694 902 656 882 889 644 550 369 750 666 721 489 966 771 297 994 344 229 298 103 957 334 421 614 90 198 926 348 150 904 54 331 450 904 231 123 649 735 811 271 641 972 873 657 986 167 590 807 579 135 381 551 830 580 385 246 518 373 689 948 443 711 894
611 164 274 686 389 966 332 187 713 715 245 251 739 482 979 390 758 793 295 78 842 611 291 501 134 197 329 292 943 430 347 678 248 513 127 454 72 852 122 733 635 689 483 456 949 913 888 326 757 311 156 912 591 679 10 708 518 789 726 190 448 53 246 320
627 946 51 361 689 391 236 704 385 368 466 392 280 475 396 862 814 716 451 711 190 464 461 436 450 243 236 795 956 845 384 973 847 863 397 626 968 720 760 323 92 442 424 824 931 136 745 503 367 165 738 30 910 788 966 769 280 684 88 678 428 889 577 702
387 144 335 961 537 831 418 867 868 764 893 389 974 441 417 532 886 676 40 123 832 786 808 704 972 839 771 210 882 720 883 246 68 613 989 622 653 961 241 447 66 857 719 819 635 264 276 604 769 133 322 72 306 100 796 18 599 952 735 920 445 929 733 329
392 922 792 460 783 530 330 622 666 473 236 466 393 879 537 356 619 397 894 431 72 540 288 870 724 873 511 306 403 644 79 356 504 123 683 304 982 225 601 169 860 273 647 396 734 57 904 787 746 415 774 404 159 193 308 861 59 529 510 938 104 540 34 656
480 251 679 17 159 392 904 303 336 111 222 449 777 353 638 192 707 890 651 431 147 444 261 99 711 895 149 728 730 873 179 223 367 258 799 9 380 284 573 273 202 843 771 289 55 860 556 130 529 79 74 0 819 923 993 982 38 727 783 224 241 727 539 482
858 428 858 652 898 979 231 231 86 496 119 169 798 945 576 927 178 699 40 50 552 420 482 392 495 332 815 472 33 425 801 10 626 666 69 973 926 40 634 61 797 481 952 459 399 814 588 708 481 91 929 720 611 27 76 266 513 936 170 873 308 588 135 520
40 735 944 362 326 831 827 693 248 32 957 397 891 729 535 957 772 623 348 66 864 93 78 122 493 627 48 379 92 202 116 909 623 780 377 552 792 150 820 527 405 534 693 12 44 774 885 424 980 249 15 655 61 999 28 82 353 877 630 54 379 11 611 780
292 16 365 175 658 981 668 331 808 727 894 165 226 831 296 285 815 524 273 506 494 478 62 922 836 293 92 438 163 521 768 985 274 915 73 368 714 582 382 668 208 342 235 247 626 496 140 510 516 749 792 944 699 881 590 293 936 825 625 310 616 692 401 268
